gain	0	1	-83.65
gain	1	0	-83.65
gain	0	2	-87.47
gain	2	0	-87.47
gain	0	3	-104.52
gain	3	0	-104.52
gain	0	4	-104.61
gain	4	0	-104.61
gain	0	5	-112.60
gain	5	0	-112.60
gain	0	6	-114.23
gain	6	0	-114.23
gain	0	7	-120.08
gain	7	0	-120.08
gain	0	8	-126.95
gain	8	0	-126.95
gain	0	9	-120.55
gain	9	0	-120.55
gain	0	10	-128.39
gain	10	0	-128.39
gain	0	11	-124.95
gain	11	0	-124.95
gain	0	12	-80.44
gain	12	0	-80.44
gain	0	13	-83.04
gain	13	0	-83.04
gain	0	14	-94.09
gain	14	0	-94.09
gain	0	15	-105.18
gain	15	0	-105.18
gain	0	16	-110.39
gain	16	0	-110.39
gain	0	17	-119.98
gain	17	0	-119.98
gain	0	18	-121.88
gain	18	0	-121.88
gain	0	19	-122.69
gain	19	0	-122.69
gain	0	20	-124.06
gain	20	0	-124.06
gain	0	21	-126.62
gain	21	0	-126.62
gain	0	22	-121.97
gain	22	0	-121.97
gain	0	23	-125.31
gain	23	0	-125.31
gain	0	24	-81.61
gain	24	0	-81.61
gain	0	25	-91.60
gain	25	0	-91.60
gain	0	26	-99.28
gain	26	0	-99.28
gain	0	27	-103.59
gain	27	0	-103.59
gain	0	28	-107.58
gain	28	0	-107.58
gain	0	29	-114.62
gain	29	0	-114.62
gain	0	30	-118.19
gain	30	0	-118.19
gain	0	31	-120.18
gain	31	0	-120.18
gain	0	32	-123.17
gain	32	0	-123.17
gain	0	33	-119.24
gain	33	0	-119.24
gain	0	34	-122.70
gain	34	0	-122.70
gain	0	35	-124.88
gain	35	0	-124.88
gain	0	36	-101.14
gain	36	0	-101.14
gain	0	37	-100.39
gain	37	0	-100.39
gain	0	38	-101.38
gain	38	0	-101.38
gain	0	39	-108.04
gain	39	0	-108.04
gain	0	40	-108.18
gain	40	0	-108.18
gain	0	41	-115.53
gain	41	0	-115.53
gain	0	42	-117.82
gain	42	0	-117.82
gain	0	43	-120.42
gain	43	0	-120.42
gain	0	44	-123.58
gain	44	0	-123.58
gain	0	45	-124.51
gain	45	0	-124.51
gain	0	46	-117.52
gain	46	0	-117.52
gain	0	47	-126.37
gain	47	0	-126.37
gain	0	48	-107.91
gain	48	0	-107.91
gain	0	49	-103.71
gain	49	0	-103.71
gain	0	50	-110.80
gain	50	0	-110.80
gain	0	51	-116.10
gain	51	0	-116.10
gain	0	52	-113.16
gain	52	0	-113.16
gain	0	53	-111.18
gain	53	0	-111.18
gain	0	54	-114.80
gain	54	0	-114.80
gain	0	55	-122.50
gain	55	0	-122.50
gain	0	56	-121.03
gain	56	0	-121.03
gain	0	57	-121.18
gain	57	0	-121.18
gain	0	58	-124.64
gain	58	0	-124.64
gain	0	59	-130.56
gain	59	0	-130.56
gain	0	60	-110.34
gain	60	0	-110.34
gain	0	61	-111.23
gain	61	0	-111.23
gain	0	62	-115.19
gain	62	0	-115.19
gain	0	63	-115.57
gain	63	0	-115.57
gain	0	64	-111.28
gain	64	0	-111.28
gain	0	65	-120.66
gain	65	0	-120.66
gain	0	66	-121.01
gain	66	0	-121.01
gain	0	67	-123.15
gain	67	0	-123.15
gain	0	68	-120.82
gain	68	0	-120.82
gain	0	69	-126.63
gain	69	0	-126.63
gain	0	70	-125.86
gain	70	0	-125.86
gain	0	71	-132.54
gain	71	0	-132.54
gain	0	72	-113.59
gain	72	0	-113.59
gain	0	73	-117.69
gain	73	0	-117.69
gain	0	74	-114.61
gain	74	0	-114.61
gain	0	75	-116.78
gain	75	0	-116.78
gain	0	76	-115.26
gain	76	0	-115.26
gain	0	77	-119.80
gain	77	0	-119.80
gain	0	78	-123.02
gain	78	0	-123.02
gain	0	79	-120.35
gain	79	0	-120.35
gain	0	80	-116.91
gain	80	0	-116.91
gain	0	81	-124.60
gain	81	0	-124.60
gain	0	82	-120.73
gain	82	0	-120.73
gain	0	83	-129.50
gain	83	0	-129.50
gain	0	84	-116.16
gain	84	0	-116.16
gain	0	85	-114.91
gain	85	0	-114.91
gain	0	86	-125.16
gain	86	0	-125.16
gain	0	87	-120.54
gain	87	0	-120.54
gain	0	88	-121.28
gain	88	0	-121.28
gain	0	89	-123.78
gain	89	0	-123.78
gain	0	90	-120.72
gain	90	0	-120.72
gain	0	91	-128.66
gain	91	0	-128.66
gain	0	92	-123.24
gain	92	0	-123.24
gain	0	93	-123.63
gain	93	0	-123.63
gain	0	94	-128.89
gain	94	0	-128.89
gain	0	95	-131.85
gain	95	0	-131.85
gain	0	96	-116.27
gain	96	0	-116.27
gain	0	97	-121.07
gain	97	0	-121.07
gain	0	98	-124.45
gain	98	0	-124.45
gain	0	99	-120.58
gain	99	0	-120.58
gain	0	100	-120.97
gain	100	0	-120.97
gain	0	101	-122.82
gain	101	0	-122.82
gain	0	102	-123.85
gain	102	0	-123.85
gain	0	103	-118.06
gain	103	0	-118.06
gain	0	104	-129.60
gain	104	0	-129.60
gain	0	105	-132.73
gain	105	0	-132.73
gain	0	106	-128.37
gain	106	0	-128.37
gain	0	107	-130.23
gain	107	0	-130.23
gain	0	108	-123.07
gain	108	0	-123.07
gain	0	109	-119.90
gain	109	0	-119.90
gain	0	110	-127.34
gain	110	0	-127.34
gain	0	111	-121.32
gain	111	0	-121.32
gain	0	112	-125.72
gain	112	0	-125.72
gain	0	113	-123.42
gain	113	0	-123.42
gain	0	114	-126.53
gain	114	0	-126.53
gain	0	115	-133.33
gain	115	0	-133.33
gain	0	116	-131.42
gain	116	0	-131.42
gain	0	117	-129.21
gain	117	0	-129.21
gain	0	118	-136.30
gain	118	0	-136.30
gain	0	119	-127.69
gain	119	0	-127.69
gain	0	120	-118.84
gain	120	0	-118.84
gain	0	121	-123.21
gain	121	0	-123.21
gain	0	122	-125.57
gain	122	0	-125.57
gain	0	123	-129.57
gain	123	0	-129.57
gain	0	124	-125.17
gain	124	0	-125.17
gain	0	125	-129.25
gain	125	0	-129.25
gain	0	126	-129.30
gain	126	0	-129.30
gain	0	127	-131.64
gain	127	0	-131.64
gain	0	128	-131.33
gain	128	0	-131.33
gain	0	129	-127.02
gain	129	0	-127.02
gain	0	130	-130.42
gain	130	0	-130.42
gain	0	131	-135.24
gain	131	0	-135.24
gain	0	132	-122.68
gain	132	0	-122.68
gain	0	133	-125.78
gain	133	0	-125.78
gain	0	134	-126.47
gain	134	0	-126.47
gain	0	135	-129.71
gain	135	0	-129.71
gain	0	136	-126.61
gain	136	0	-126.61
gain	0	137	-133.09
gain	137	0	-133.09
gain	0	138	-126.21
gain	138	0	-126.21
gain	0	139	-128.23
gain	139	0	-128.23
gain	0	140	-126.93
gain	140	0	-126.93
gain	0	141	-127.63
gain	141	0	-127.63
gain	0	142	-135.72
gain	142	0	-135.72
gain	0	143	-134.36
gain	143	0	-134.36
gain	1	2	-81.28
gain	2	1	-81.28
gain	1	3	-93.39
gain	3	1	-93.39
gain	1	4	-95.87
gain	4	1	-95.87
gain	1	5	-107.06
gain	5	1	-107.06
gain	1	6	-109.21
gain	6	1	-109.21
gain	1	7	-111.64
gain	7	1	-111.64
gain	1	8	-123.58
gain	8	1	-123.58
gain	1	9	-118.38
gain	9	1	-118.38
gain	1	10	-124.93
gain	10	1	-124.93
gain	1	11	-129.19
gain	11	1	-129.19
gain	1	12	-92.47
gain	12	1	-92.47
gain	1	13	-72.12
gain	13	1	-72.12
gain	1	14	-81.24
gain	14	1	-81.24
gain	1	15	-95.65
gain	15	1	-95.65
gain	1	16	-103.41
gain	16	1	-103.41
gain	1	17	-102.15
gain	17	1	-102.15
gain	1	18	-100.10
gain	18	1	-100.10
gain	1	19	-120.68
gain	19	1	-120.68
gain	1	20	-115.32
gain	20	1	-115.32
gain	1	21	-116.06
gain	21	1	-116.06
gain	1	22	-124.76
gain	22	1	-124.76
gain	1	23	-118.72
gain	23	1	-118.72
gain	1	24	-92.21
gain	24	1	-92.21
gain	1	25	-94.08
gain	25	1	-94.08
gain	1	26	-95.08
gain	26	1	-95.08
gain	1	27	-95.62
gain	27	1	-95.62
gain	1	28	-108.91
gain	28	1	-108.91
gain	1	29	-110.85
gain	29	1	-110.85
gain	1	30	-112.23
gain	30	1	-112.23
gain	1	31	-119.55
gain	31	1	-119.55
gain	1	32	-115.67
gain	32	1	-115.67
gain	1	33	-120.92
gain	33	1	-120.92
gain	1	34	-122.80
gain	34	1	-122.80
gain	1	35	-121.38
gain	35	1	-121.38
gain	1	36	-104.80
gain	36	1	-104.80
gain	1	37	-99.12
gain	37	1	-99.12
gain	1	38	-104.71
gain	38	1	-104.71
gain	1	39	-102.83
gain	39	1	-102.83
gain	1	40	-107.96
gain	40	1	-107.96
gain	1	41	-113.03
gain	41	1	-113.03
gain	1	42	-113.25
gain	42	1	-113.25
gain	1	43	-117.40
gain	43	1	-117.40
gain	1	44	-122.88
gain	44	1	-122.88
gain	1	45	-120.68
gain	45	1	-120.68
gain	1	46	-121.98
gain	46	1	-121.98
gain	1	47	-126.10
gain	47	1	-126.10
gain	1	48	-103.51
gain	48	1	-103.51
gain	1	49	-102.95
gain	49	1	-102.95
gain	1	50	-102.70
gain	50	1	-102.70
gain	1	51	-107.77
gain	51	1	-107.77
gain	1	52	-112.93
gain	52	1	-112.93
gain	1	53	-111.41
gain	53	1	-111.41
gain	1	54	-119.17
gain	54	1	-119.17
gain	1	55	-118.58
gain	55	1	-118.58
gain	1	56	-119.10
gain	56	1	-119.10
gain	1	57	-122.80
gain	57	1	-122.80
gain	1	58	-126.81
gain	58	1	-126.81
gain	1	59	-124.42
gain	59	1	-124.42
gain	1	60	-110.96
gain	60	1	-110.96
gain	1	61	-113.87
gain	61	1	-113.87
gain	1	62	-111.23
gain	62	1	-111.23
gain	1	63	-112.00
gain	63	1	-112.00
gain	1	64	-114.44
gain	64	1	-114.44
gain	1	65	-112.98
gain	65	1	-112.98
gain	1	66	-113.03
gain	66	1	-113.03
gain	1	67	-115.98
gain	67	1	-115.98
gain	1	68	-123.24
gain	68	1	-123.24
gain	1	69	-119.35
gain	69	1	-119.35
gain	1	70	-124.63
gain	70	1	-124.63
gain	1	71	-130.51
gain	71	1	-130.51
gain	1	72	-120.75
gain	72	1	-120.75
gain	1	73	-118.45
gain	73	1	-118.45
gain	1	74	-115.34
gain	74	1	-115.34
gain	1	75	-116.88
gain	75	1	-116.88
gain	1	76	-116.69
gain	76	1	-116.69
gain	1	77	-115.58
gain	77	1	-115.58
gain	1	78	-123.54
gain	78	1	-123.54
gain	1	79	-116.51
gain	79	1	-116.51
gain	1	80	-126.20
gain	80	1	-126.20
gain	1	81	-121.89
gain	81	1	-121.89
gain	1	82	-127.03
gain	82	1	-127.03
gain	1	83	-122.36
gain	83	1	-122.36
gain	1	84	-113.66
gain	84	1	-113.66
gain	1	85	-115.62
gain	85	1	-115.62
gain	1	86	-115.75
gain	86	1	-115.75
gain	1	87	-113.28
gain	87	1	-113.28
gain	1	88	-115.68
gain	88	1	-115.68
gain	1	89	-123.62
gain	89	1	-123.62
gain	1	90	-120.51
gain	90	1	-120.51
gain	1	91	-121.95
gain	91	1	-121.95
gain	1	92	-124.36
gain	92	1	-124.36
gain	1	93	-128.06
gain	93	1	-128.06
gain	1	94	-124.29
gain	94	1	-124.29
gain	1	95	-128.29
gain	95	1	-128.29
gain	1	96	-117.22
gain	96	1	-117.22
gain	1	97	-116.26
gain	97	1	-116.26
gain	1	98	-119.31
gain	98	1	-119.31
gain	1	99	-118.06
gain	99	1	-118.06
gain	1	100	-122.89
gain	100	1	-122.89
gain	1	101	-120.61
gain	101	1	-120.61
gain	1	102	-131.10
gain	102	1	-131.10
gain	1	103	-123.46
gain	103	1	-123.46
gain	1	104	-128.11
gain	104	1	-128.11
gain	1	105	-129.69
gain	105	1	-129.69
gain	1	106	-130.41
gain	106	1	-130.41
gain	1	107	-126.02
gain	107	1	-126.02
gain	1	108	-126.13
gain	108	1	-126.13
gain	1	109	-117.17
gain	109	1	-117.17
gain	1	110	-121.81
gain	110	1	-121.81
gain	1	111	-128.84
gain	111	1	-128.84
gain	1	112	-120.76
gain	112	1	-120.76
gain	1	113	-126.02
gain	113	1	-126.02
gain	1	114	-122.81
gain	114	1	-122.81
gain	1	115	-127.63
gain	115	1	-127.63
gain	1	116	-130.65
gain	116	1	-130.65
gain	1	117	-126.87
gain	117	1	-126.87
gain	1	118	-129.29
gain	118	1	-129.29
gain	1	119	-131.45
gain	119	1	-131.45
gain	1	120	-127.55
gain	120	1	-127.55
gain	1	121	-121.19
gain	121	1	-121.19
gain	1	122	-125.96
gain	122	1	-125.96
gain	1	123	-125.05
gain	123	1	-125.05
gain	1	124	-121.42
gain	124	1	-121.42
gain	1	125	-126.47
gain	125	1	-126.47
gain	1	126	-122.35
gain	126	1	-122.35
gain	1	127	-127.16
gain	127	1	-127.16
gain	1	128	-126.63
gain	128	1	-126.63
gain	1	129	-132.39
gain	129	1	-132.39
gain	1	130	-128.85
gain	130	1	-128.85
gain	1	131	-128.94
gain	131	1	-128.94
gain	1	132	-125.81
gain	132	1	-125.81
gain	1	133	-130.64
gain	133	1	-130.64
gain	1	134	-123.27
gain	134	1	-123.27
gain	1	135	-125.28
gain	135	1	-125.28
gain	1	136	-132.26
gain	136	1	-132.26
gain	1	137	-126.85
gain	137	1	-126.85
gain	1	138	-135.79
gain	138	1	-135.79
gain	1	139	-130.18
gain	139	1	-130.18
gain	1	140	-126.56
gain	140	1	-126.56
gain	1	141	-130.34
gain	141	1	-130.34
gain	1	142	-131.80
gain	142	1	-131.80
gain	1	143	-137.51
gain	143	1	-137.51
gain	2	3	-74.85
gain	3	2	-74.85
gain	2	4	-91.11
gain	4	2	-91.11
gain	2	5	-96.93
gain	5	2	-96.93
gain	2	6	-111.10
gain	6	2	-111.10
gain	2	7	-109.39
gain	7	2	-109.39
gain	2	8	-109.53
gain	8	2	-109.53
gain	2	9	-117.63
gain	9	2	-117.63
gain	2	10	-117.55
gain	10	2	-117.55
gain	2	11	-121.66
gain	11	2	-121.66
gain	2	12	-96.10
gain	12	2	-96.10
gain	2	13	-87.48
gain	13	2	-87.48
gain	2	14	-79.90
gain	14	2	-79.90
gain	2	15	-77.66
gain	15	2	-77.66
gain	2	16	-99.69
gain	16	2	-99.69
gain	2	17	-99.34
gain	17	2	-99.34
gain	2	18	-105.36
gain	18	2	-105.36
gain	2	19	-114.86
gain	19	2	-114.86
gain	2	20	-113.65
gain	20	2	-113.65
gain	2	21	-122.80
gain	21	2	-122.80
gain	2	22	-120.23
gain	22	2	-120.23
gain	2	23	-124.49
gain	23	2	-124.49
gain	2	24	-90.74
gain	24	2	-90.74
gain	2	25	-95.58
gain	25	2	-95.58
gain	2	26	-97.20
gain	26	2	-97.20
gain	2	27	-97.18
gain	27	2	-97.18
gain	2	28	-95.95
gain	28	2	-95.95
gain	2	29	-106.21
gain	29	2	-106.21
gain	2	30	-108.38
gain	30	2	-108.38
gain	2	31	-116.22
gain	31	2	-116.22
gain	2	32	-116.41
gain	32	2	-116.41
gain	2	33	-116.91
gain	33	2	-116.91
gain	2	34	-113.23
gain	34	2	-113.23
gain	2	35	-121.45
gain	35	2	-121.45
gain	2	36	-107.48
gain	36	2	-107.48
gain	2	37	-104.71
gain	37	2	-104.71
gain	2	38	-102.43
gain	38	2	-102.43
gain	2	39	-100.08
gain	39	2	-100.08
gain	2	40	-108.37
gain	40	2	-108.37
gain	2	41	-103.16
gain	41	2	-103.16
gain	2	42	-115.47
gain	42	2	-115.47
gain	2	43	-116.23
gain	43	2	-116.23
gain	2	44	-121.35
gain	44	2	-121.35
gain	2	45	-123.99
gain	45	2	-123.99
gain	2	46	-115.72
gain	46	2	-115.72
gain	2	47	-126.11
gain	47	2	-126.11
gain	2	48	-110.36
gain	48	2	-110.36
gain	2	49	-102.72
gain	49	2	-102.72
gain	2	50	-105.24
gain	50	2	-105.24
gain	2	51	-106.28
gain	51	2	-106.28
gain	2	52	-110.55
gain	52	2	-110.55
gain	2	53	-112.89
gain	53	2	-112.89
gain	2	54	-108.55
gain	54	2	-108.55
gain	2	55	-117.82
gain	55	2	-117.82
gain	2	56	-117.79
gain	56	2	-117.79
gain	2	57	-120.01
gain	57	2	-120.01
gain	2	58	-125.06
gain	58	2	-125.06
gain	2	59	-124.27
gain	59	2	-124.27
gain	2	60	-113.00
gain	60	2	-113.00
gain	2	61	-109.56
gain	61	2	-109.56
gain	2	62	-109.31
gain	62	2	-109.31
gain	2	63	-110.90
gain	63	2	-110.90
gain	2	64	-114.00
gain	64	2	-114.00
gain	2	65	-115.80
gain	65	2	-115.80
gain	2	66	-117.67
gain	66	2	-117.67
gain	2	67	-116.41
gain	67	2	-116.41
gain	2	68	-117.28
gain	68	2	-117.28
gain	2	69	-120.40
gain	69	2	-120.40
gain	2	70	-128.73
gain	70	2	-128.73
gain	2	71	-120.78
gain	71	2	-120.78
gain	2	72	-117.25
gain	72	2	-117.25
gain	2	73	-122.82
gain	73	2	-122.82
gain	2	74	-116.65
gain	74	2	-116.65
gain	2	75	-120.77
gain	75	2	-120.77
gain	2	76	-112.58
gain	76	2	-112.58
gain	2	77	-119.46
gain	77	2	-119.46
gain	2	78	-119.44
gain	78	2	-119.44
gain	2	79	-118.61
gain	79	2	-118.61
gain	2	80	-124.61
gain	80	2	-124.61
gain	2	81	-124.49
gain	81	2	-124.49
gain	2	82	-125.62
gain	82	2	-125.62
gain	2	83	-130.57
gain	83	2	-130.57
gain	2	84	-115.41
gain	84	2	-115.41
gain	2	85	-115.22
gain	85	2	-115.22
gain	2	86	-115.85
gain	86	2	-115.85
gain	2	87	-122.01
gain	87	2	-122.01
gain	2	88	-121.26
gain	88	2	-121.26
gain	2	89	-114.98
gain	89	2	-114.98
gain	2	90	-120.67
gain	90	2	-120.67
gain	2	91	-122.72
gain	91	2	-122.72
gain	2	92	-126.55
gain	92	2	-126.55
gain	2	93	-119.71
gain	93	2	-119.71
gain	2	94	-130.91
gain	94	2	-130.91
gain	2	95	-124.94
gain	95	2	-124.94
gain	2	96	-121.98
gain	96	2	-121.98
gain	2	97	-116.83
gain	97	2	-116.83
gain	2	98	-132.43
gain	98	2	-132.43
gain	2	99	-123.19
gain	99	2	-123.19
gain	2	100	-123.13
gain	100	2	-123.13
gain	2	101	-126.12
gain	101	2	-126.12
gain	2	102	-124.78
gain	102	2	-124.78
gain	2	103	-123.78
gain	103	2	-123.78
gain	2	104	-121.63
gain	104	2	-121.63
gain	2	105	-122.23
gain	105	2	-122.23
gain	2	106	-129.82
gain	106	2	-129.82
gain	2	107	-126.79
gain	107	2	-126.79
gain	2	108	-125.55
gain	108	2	-125.55
gain	2	109	-124.15
gain	109	2	-124.15
gain	2	110	-121.83
gain	110	2	-121.83
gain	2	111	-125.97
gain	111	2	-125.97
gain	2	112	-127.07
gain	112	2	-127.07
gain	2	113	-118.57
gain	113	2	-118.57
gain	2	114	-126.08
gain	114	2	-126.08
gain	2	115	-132.33
gain	115	2	-132.33
gain	2	116	-125.57
gain	116	2	-125.57
gain	2	117	-133.60
gain	117	2	-133.60
gain	2	118	-128.41
gain	118	2	-128.41
gain	2	119	-127.93
gain	119	2	-127.93
gain	2	120	-120.10
gain	120	2	-120.10
gain	2	121	-125.95
gain	121	2	-125.95
gain	2	122	-124.39
gain	122	2	-124.39
gain	2	123	-119.33
gain	123	2	-119.33
gain	2	124	-128.49
gain	124	2	-128.49
gain	2	125	-123.99
gain	125	2	-123.99
gain	2	126	-126.27
gain	126	2	-126.27
gain	2	127	-122.04
gain	127	2	-122.04
gain	2	128	-125.92
gain	128	2	-125.92
gain	2	129	-126.66
gain	129	2	-126.66
gain	2	130	-132.54
gain	130	2	-132.54
gain	2	131	-131.84
gain	131	2	-131.84
gain	2	132	-128.23
gain	132	2	-128.23
gain	2	133	-124.63
gain	133	2	-124.63
gain	2	134	-127.41
gain	134	2	-127.41
gain	2	135	-127.85
gain	135	2	-127.85
gain	2	136	-127.12
gain	136	2	-127.12
gain	2	137	-126.17
gain	137	2	-126.17
gain	2	138	-124.81
gain	138	2	-124.81
gain	2	139	-117.29
gain	139	2	-117.29
gain	2	140	-127.56
gain	140	2	-127.56
gain	2	141	-137.69
gain	141	2	-137.69
gain	2	142	-128.89
gain	142	2	-128.89
gain	2	143	-134.82
gain	143	2	-134.82
gain	3	4	-77.55
gain	4	3	-77.55
gain	3	5	-91.40
gain	5	3	-91.40
gain	3	6	-101.38
gain	6	3	-101.38
gain	3	7	-103.68
gain	7	3	-103.68
gain	3	8	-104.33
gain	8	3	-104.33
gain	3	9	-114.54
gain	9	3	-114.54
gain	3	10	-115.57
gain	10	3	-115.57
gain	3	11	-118.26
gain	11	3	-118.26
gain	3	12	-102.39
gain	12	3	-102.39
gain	3	13	-91.70
gain	13	3	-91.70
gain	3	14	-86.13
gain	14	3	-86.13
gain	3	15	-81.30
gain	15	3	-81.30
gain	3	16	-84.16
gain	16	3	-84.16
gain	3	17	-89.95
gain	17	3	-89.95
gain	3	18	-104.65
gain	18	3	-104.65
gain	3	19	-108.85
gain	19	3	-108.85
gain	3	20	-113.74
gain	20	3	-113.74
gain	3	21	-114.23
gain	21	3	-114.23
gain	3	22	-120.08
gain	22	3	-120.08
gain	3	23	-117.69
gain	23	3	-117.69
gain	3	24	-108.07
gain	24	3	-108.07
gain	3	25	-100.42
gain	25	3	-100.42
gain	3	26	-94.96
gain	26	3	-94.96
gain	3	27	-89.95
gain	27	3	-89.95
gain	3	28	-95.44
gain	28	3	-95.44
gain	3	29	-100.00
gain	29	3	-100.00
gain	3	30	-104.04
gain	30	3	-104.04
gain	3	31	-110.93
gain	31	3	-110.93
gain	3	32	-111.77
gain	32	3	-111.77
gain	3	33	-118.41
gain	33	3	-118.41
gain	3	34	-115.60
gain	34	3	-115.60
gain	3	35	-120.67
gain	35	3	-120.67
gain	3	36	-103.69
gain	36	3	-103.69
gain	3	37	-106.63
gain	37	3	-106.63
gain	3	38	-105.16
gain	38	3	-105.16
gain	3	39	-93.72
gain	39	3	-93.72
gain	3	40	-97.43
gain	40	3	-97.43
gain	3	41	-99.42
gain	41	3	-99.42
gain	3	42	-112.27
gain	42	3	-112.27
gain	3	43	-107.03
gain	43	3	-107.03
gain	3	44	-111.62
gain	44	3	-111.62
gain	3	45	-111.23
gain	45	3	-111.23
gain	3	46	-125.43
gain	46	3	-125.43
gain	3	47	-119.68
gain	47	3	-119.68
gain	3	48	-112.32
gain	48	3	-112.32
gain	3	49	-108.36
gain	49	3	-108.36
gain	3	50	-106.58
gain	50	3	-106.58
gain	3	51	-106.78
gain	51	3	-106.78
gain	3	52	-110.50
gain	52	3	-110.50
gain	3	53	-102.99
gain	53	3	-102.99
gain	3	54	-111.10
gain	54	3	-111.10
gain	3	55	-115.08
gain	55	3	-115.08
gain	3	56	-114.81
gain	56	3	-114.81
gain	3	57	-113.46
gain	57	3	-113.46
gain	3	58	-116.34
gain	58	3	-116.34
gain	3	59	-119.18
gain	59	3	-119.18
gain	3	60	-107.97
gain	60	3	-107.97
gain	3	61	-112.27
gain	61	3	-112.27
gain	3	62	-108.57
gain	62	3	-108.57
gain	3	63	-108.01
gain	63	3	-108.01
gain	3	64	-106.03
gain	64	3	-106.03
gain	3	65	-114.68
gain	65	3	-114.68
gain	3	66	-111.04
gain	66	3	-111.04
gain	3	67	-116.29
gain	67	3	-116.29
gain	3	68	-117.28
gain	68	3	-117.28
gain	3	69	-119.56
gain	69	3	-119.56
gain	3	70	-126.15
gain	70	3	-126.15
gain	3	71	-124.51
gain	71	3	-124.51
gain	3	72	-120.19
gain	72	3	-120.19
gain	3	73	-119.41
gain	73	3	-119.41
gain	3	74	-112.66
gain	74	3	-112.66
gain	3	75	-117.90
gain	75	3	-117.90
gain	3	76	-115.19
gain	76	3	-115.19
gain	3	77	-119.12
gain	77	3	-119.12
gain	3	78	-114.11
gain	78	3	-114.11
gain	3	79	-117.44
gain	79	3	-117.44
gain	3	80	-119.61
gain	80	3	-119.61
gain	3	81	-117.19
gain	81	3	-117.19
gain	3	82	-127.80
gain	82	3	-127.80
gain	3	83	-128.03
gain	83	3	-128.03
gain	3	84	-120.89
gain	84	3	-120.89
gain	3	85	-115.56
gain	85	3	-115.56
gain	3	86	-115.22
gain	86	3	-115.22
gain	3	87	-117.63
gain	87	3	-117.63
gain	3	88	-117.99
gain	88	3	-117.99
gain	3	89	-119.38
gain	89	3	-119.38
gain	3	90	-119.50
gain	90	3	-119.50
gain	3	91	-123.88
gain	91	3	-123.88
gain	3	92	-118.49
gain	92	3	-118.49
gain	3	93	-124.40
gain	93	3	-124.40
gain	3	94	-124.93
gain	94	3	-124.93
gain	3	95	-123.09
gain	95	3	-123.09
gain	3	96	-118.70
gain	96	3	-118.70
gain	3	97	-120.62
gain	97	3	-120.62
gain	3	98	-118.98
gain	98	3	-118.98
gain	3	99	-116.03
gain	99	3	-116.03
gain	3	100	-120.14
gain	100	3	-120.14
gain	3	101	-120.24
gain	101	3	-120.24
gain	3	102	-124.28
gain	102	3	-124.28
gain	3	103	-120.03
gain	103	3	-120.03
gain	3	104	-118.85
gain	104	3	-118.85
gain	3	105	-125.75
gain	105	3	-125.75
gain	3	106	-127.40
gain	106	3	-127.40
gain	3	107	-130.12
gain	107	3	-130.12
gain	3	108	-126.22
gain	108	3	-126.22
gain	3	109	-124.81
gain	109	3	-124.81
gain	3	110	-122.89
gain	110	3	-122.89
gain	3	111	-121.65
gain	111	3	-121.65
gain	3	112	-120.10
gain	112	3	-120.10
gain	3	113	-117.76
gain	113	3	-117.76
gain	3	114	-119.00
gain	114	3	-119.00
gain	3	115	-119.52
gain	115	3	-119.52
gain	3	116	-122.61
gain	116	3	-122.61
gain	3	117	-122.06
gain	117	3	-122.06
gain	3	118	-131.78
gain	118	3	-131.78
gain	3	119	-127.19
gain	119	3	-127.19
gain	3	120	-123.00
gain	120	3	-123.00
gain	3	121	-123.80
gain	121	3	-123.80
gain	3	122	-122.41
gain	122	3	-122.41
gain	3	123	-133.14
gain	123	3	-133.14
gain	3	124	-125.54
gain	124	3	-125.54
gain	3	125	-127.40
gain	125	3	-127.40
gain	3	126	-131.29
gain	126	3	-131.29
gain	3	127	-121.64
gain	127	3	-121.64
gain	3	128	-126.54
gain	128	3	-126.54
gain	3	129	-131.71
gain	129	3	-131.71
gain	3	130	-127.23
gain	130	3	-127.23
gain	3	131	-129.00
gain	131	3	-129.00
gain	3	132	-126.07
gain	132	3	-126.07
gain	3	133	-127.44
gain	133	3	-127.44
gain	3	134	-131.79
gain	134	3	-131.79
gain	3	135	-125.19
gain	135	3	-125.19
gain	3	136	-124.24
gain	136	3	-124.24
gain	3	137	-130.95
gain	137	3	-130.95
gain	3	138	-126.17
gain	138	3	-126.17
gain	3	139	-127.66
gain	139	3	-127.66
gain	3	140	-130.73
gain	140	3	-130.73
gain	3	141	-133.32
gain	141	3	-133.32
gain	3	142	-127.95
gain	142	3	-127.95
gain	3	143	-130.97
gain	143	3	-130.97
gain	4	5	-77.02
gain	5	4	-77.02
gain	4	6	-91.00
gain	6	4	-91.00
gain	4	7	-101.04
gain	7	4	-101.04
gain	4	8	-109.71
gain	8	4	-109.71
gain	4	9	-109.51
gain	9	4	-109.51
gain	4	10	-115.79
gain	10	4	-115.79
gain	4	11	-110.46
gain	11	4	-110.46
gain	4	12	-106.02
gain	12	4	-106.02
gain	4	13	-97.78
gain	13	4	-97.78
gain	4	14	-87.34
gain	14	4	-87.34
gain	4	15	-85.14
gain	15	4	-85.14
gain	4	16	-79.42
gain	16	4	-79.42
gain	4	17	-88.09
gain	17	4	-88.09
gain	4	18	-93.08
gain	18	4	-93.08
gain	4	19	-102.37
gain	19	4	-102.37
gain	4	20	-108.39
gain	20	4	-108.39
gain	4	21	-111.92
gain	21	4	-111.92
gain	4	22	-113.60
gain	22	4	-113.60
gain	4	23	-119.26
gain	23	4	-119.26
gain	4	24	-107.91
gain	24	4	-107.91
gain	4	25	-104.50
gain	25	4	-104.50
gain	4	26	-92.72
gain	26	4	-92.72
gain	4	27	-91.78
gain	27	4	-91.78
gain	4	28	-93.93
gain	28	4	-93.93
gain	4	29	-94.00
gain	29	4	-94.00
gain	4	30	-101.64
gain	30	4	-101.64
gain	4	31	-100.43
gain	31	4	-100.43
gain	4	32	-105.20
gain	32	4	-105.20
gain	4	33	-111.12
gain	33	4	-111.12
gain	4	34	-112.57
gain	34	4	-112.57
gain	4	35	-116.54
gain	35	4	-116.54
gain	4	36	-111.69
gain	36	4	-111.69
gain	4	37	-109.19
gain	37	4	-109.19
gain	4	38	-100.29
gain	38	4	-100.29
gain	4	39	-105.70
gain	39	4	-105.70
gain	4	40	-104.36
gain	40	4	-104.36
gain	4	41	-106.17
gain	41	4	-106.17
gain	4	42	-102.90
gain	42	4	-102.90
gain	4	43	-107.75
gain	43	4	-107.75
gain	4	44	-112.52
gain	44	4	-112.52
gain	4	45	-115.45
gain	45	4	-115.45
gain	4	46	-116.67
gain	46	4	-116.67
gain	4	47	-116.99
gain	47	4	-116.99
gain	4	48	-112.82
gain	48	4	-112.82
gain	4	49	-109.00
gain	49	4	-109.00
gain	4	50	-107.23
gain	50	4	-107.23
gain	4	51	-108.18
gain	51	4	-108.18
gain	4	52	-103.01
gain	52	4	-103.01
gain	4	53	-108.72
gain	53	4	-108.72
gain	4	54	-108.01
gain	54	4	-108.01
gain	4	55	-113.03
gain	55	4	-113.03
gain	4	56	-112.28
gain	56	4	-112.28
gain	4	57	-111.43
gain	57	4	-111.43
gain	4	58	-117.24
gain	58	4	-117.24
gain	4	59	-114.94
gain	59	4	-114.94
gain	4	60	-113.88
gain	60	4	-113.88
gain	4	61	-111.68
gain	61	4	-111.68
gain	4	62	-113.62
gain	62	4	-113.62
gain	4	63	-112.84
gain	63	4	-112.84
gain	4	64	-107.33
gain	64	4	-107.33
gain	4	65	-106.00
gain	65	4	-106.00
gain	4	66	-108.56
gain	66	4	-108.56
gain	4	67	-111.19
gain	67	4	-111.19
gain	4	68	-111.79
gain	68	4	-111.79
gain	4	69	-115.66
gain	69	4	-115.66
gain	4	70	-121.91
gain	70	4	-121.91
gain	4	71	-121.03
gain	71	4	-121.03
gain	4	72	-115.40
gain	72	4	-115.40
gain	4	73	-117.49
gain	73	4	-117.49
gain	4	74	-115.72
gain	74	4	-115.72
gain	4	75	-109.05
gain	75	4	-109.05
gain	4	76	-114.67
gain	76	4	-114.67
gain	4	77	-116.21
gain	77	4	-116.21
gain	4	78	-117.82
gain	78	4	-117.82
gain	4	79	-116.99
gain	79	4	-116.99
gain	4	80	-117.80
gain	80	4	-117.80
gain	4	81	-122.27
gain	81	4	-122.27
gain	4	82	-127.45
gain	82	4	-127.45
gain	4	83	-123.94
gain	83	4	-123.94
gain	4	84	-117.45
gain	84	4	-117.45
gain	4	85	-120.41
gain	85	4	-120.41
gain	4	86	-118.10
gain	86	4	-118.10
gain	4	87	-118.86
gain	87	4	-118.86
gain	4	88	-122.25
gain	88	4	-122.25
gain	4	89	-120.87
gain	89	4	-120.87
gain	4	90	-118.02
gain	90	4	-118.02
gain	4	91	-122.42
gain	91	4	-122.42
gain	4	92	-127.73
gain	92	4	-127.73
gain	4	93	-123.00
gain	93	4	-123.00
gain	4	94	-121.33
gain	94	4	-121.33
gain	4	95	-128.86
gain	95	4	-128.86
gain	4	96	-125.00
gain	96	4	-125.00
gain	4	97	-121.39
gain	97	4	-121.39
gain	4	98	-125.88
gain	98	4	-125.88
gain	4	99	-112.96
gain	99	4	-112.96
gain	4	100	-118.66
gain	100	4	-118.66
gain	4	101	-124.63
gain	101	4	-124.63
gain	4	102	-124.90
gain	102	4	-124.90
gain	4	103	-117.58
gain	103	4	-117.58
gain	4	104	-119.96
gain	104	4	-119.96
gain	4	105	-124.97
gain	105	4	-124.97
gain	4	106	-121.05
gain	106	4	-121.05
gain	4	107	-129.48
gain	107	4	-129.48
gain	4	108	-125.40
gain	108	4	-125.40
gain	4	109	-125.41
gain	109	4	-125.41
gain	4	110	-119.20
gain	110	4	-119.20
gain	4	111	-128.11
gain	111	4	-128.11
gain	4	112	-123.15
gain	112	4	-123.15
gain	4	113	-121.54
gain	113	4	-121.54
gain	4	114	-121.99
gain	114	4	-121.99
gain	4	115	-121.11
gain	115	4	-121.11
gain	4	116	-123.76
gain	116	4	-123.76
gain	4	117	-123.92
gain	117	4	-123.92
gain	4	118	-127.46
gain	118	4	-127.46
gain	4	119	-130.64
gain	119	4	-130.64
gain	4	120	-125.38
gain	120	4	-125.38
gain	4	121	-127.25
gain	121	4	-127.25
gain	4	122	-124.73
gain	122	4	-124.73
gain	4	123	-126.51
gain	123	4	-126.51
gain	4	124	-126.42
gain	124	4	-126.42
gain	4	125	-122.64
gain	125	4	-122.64
gain	4	126	-131.22
gain	126	4	-131.22
gain	4	127	-126.00
gain	127	4	-126.00
gain	4	128	-124.43
gain	128	4	-124.43
gain	4	129	-132.07
gain	129	4	-132.07
gain	4	130	-130.06
gain	130	4	-130.06
gain	4	131	-130.65
gain	131	4	-130.65
gain	4	132	-126.85
gain	132	4	-126.85
gain	4	133	-127.22
gain	133	4	-127.22
gain	4	134	-130.57
gain	134	4	-130.57
gain	4	135	-127.13
gain	135	4	-127.13
gain	4	136	-127.47
gain	136	4	-127.47
gain	4	137	-126.20
gain	137	4	-126.20
gain	4	138	-127.01
gain	138	4	-127.01
gain	4	139	-126.82
gain	139	4	-126.82
gain	4	140	-123.69
gain	140	4	-123.69
gain	4	141	-131.37
gain	141	4	-131.37
gain	4	142	-132.91
gain	142	4	-132.91
gain	4	143	-129.92
gain	143	4	-129.92
gain	5	6	-77.38
gain	6	5	-77.38
gain	5	7	-94.74
gain	7	5	-94.74
gain	5	8	-103.95
gain	8	5	-103.95
gain	5	9	-104.13
gain	9	5	-104.13
gain	5	10	-115.09
gain	10	5	-115.09
gain	5	11	-108.76
gain	11	5	-108.76
gain	5	12	-107.32
gain	12	5	-107.32
gain	5	13	-103.38
gain	13	5	-103.38
gain	5	14	-96.85
gain	14	5	-96.85
gain	5	15	-97.38
gain	15	5	-97.38
gain	5	16	-87.69
gain	16	5	-87.69
gain	5	17	-73.31
gain	17	5	-73.31
gain	5	18	-81.98
gain	18	5	-81.98
gain	5	19	-89.63
gain	19	5	-89.63
gain	5	20	-111.19
gain	20	5	-111.19
gain	5	21	-101.76
gain	21	5	-101.76
gain	5	22	-114.52
gain	22	5	-114.52
gain	5	23	-112.93
gain	23	5	-112.93
gain	5	24	-116.71
gain	24	5	-116.71
gain	5	25	-108.76
gain	25	5	-108.76
gain	5	26	-100.89
gain	26	5	-100.89
gain	5	27	-96.17
gain	27	5	-96.17
gain	5	28	-94.61
gain	28	5	-94.61
gain	5	29	-89.58
gain	29	5	-89.58
gain	5	30	-93.69
gain	30	5	-93.69
gain	5	31	-98.73
gain	31	5	-98.73
gain	5	32	-99.50
gain	32	5	-99.50
gain	5	33	-106.51
gain	33	5	-106.51
gain	5	34	-114.25
gain	34	5	-114.25
gain	5	35	-113.89
gain	35	5	-113.89
gain	5	36	-108.38
gain	36	5	-108.38
gain	5	37	-106.67
gain	37	5	-106.67
gain	5	38	-107.96
gain	38	5	-107.96
gain	5	39	-102.45
gain	39	5	-102.45
gain	5	40	-102.11
gain	40	5	-102.11
gain	5	41	-102.64
gain	41	5	-102.64
gain	5	42	-99.19
gain	42	5	-99.19
gain	5	43	-98.49
gain	43	5	-98.49
gain	5	44	-108.15
gain	44	5	-108.15
gain	5	45	-111.17
gain	45	5	-111.17
gain	5	46	-109.22
gain	46	5	-109.22
gain	5	47	-117.32
gain	47	5	-117.32
gain	5	48	-116.78
gain	48	5	-116.78
gain	5	49	-108.17
gain	49	5	-108.17
gain	5	50	-106.52
gain	50	5	-106.52
gain	5	51	-104.72
gain	51	5	-104.72
gain	5	52	-103.06
gain	52	5	-103.06
gain	5	53	-100.53
gain	53	5	-100.53
gain	5	54	-108.48
gain	54	5	-108.48
gain	5	55	-113.48
gain	55	5	-113.48
gain	5	56	-108.20
gain	56	5	-108.20
gain	5	57	-110.36
gain	57	5	-110.36
gain	5	58	-116.44
gain	58	5	-116.44
gain	5	59	-118.59
gain	59	5	-118.59
gain	5	60	-121.34
gain	60	5	-121.34
gain	5	61	-120.29
gain	61	5	-120.29
gain	5	62	-116.34
gain	62	5	-116.34
gain	5	63	-113.69
gain	63	5	-113.69
gain	5	64	-110.91
gain	64	5	-110.91
gain	5	65	-111.05
gain	65	5	-111.05
gain	5	66	-107.68
gain	66	5	-107.68
gain	5	67	-109.63
gain	67	5	-109.63
gain	5	68	-107.95
gain	68	5	-107.95
gain	5	69	-114.95
gain	69	5	-114.95
gain	5	70	-119.11
gain	70	5	-119.11
gain	5	71	-120.43
gain	71	5	-120.43
gain	5	72	-118.77
gain	72	5	-118.77
gain	5	73	-115.58
gain	73	5	-115.58
gain	5	74	-120.29
gain	74	5	-120.29
gain	5	75	-114.95
gain	75	5	-114.95
gain	5	76	-118.36
gain	76	5	-118.36
gain	5	77	-116.22
gain	77	5	-116.22
gain	5	78	-112.15
gain	78	5	-112.15
gain	5	79	-118.12
gain	79	5	-118.12
gain	5	80	-119.59
gain	80	5	-119.59
gain	5	81	-119.45
gain	81	5	-119.45
gain	5	82	-123.75
gain	82	5	-123.75
gain	5	83	-125.72
gain	83	5	-125.72
gain	5	84	-117.02
gain	84	5	-117.02
gain	5	85	-116.97
gain	85	5	-116.97
gain	5	86	-116.45
gain	86	5	-116.45
gain	5	87	-112.57
gain	87	5	-112.57
gain	5	88	-121.44
gain	88	5	-121.44
gain	5	89	-119.60
gain	89	5	-119.60
gain	5	90	-115.21
gain	90	5	-115.21
gain	5	91	-120.57
gain	91	5	-120.57
gain	5	92	-120.42
gain	92	5	-120.42
gain	5	93	-118.78
gain	93	5	-118.78
gain	5	94	-124.97
gain	94	5	-124.97
gain	5	95	-119.82
gain	95	5	-119.82
gain	5	96	-123.30
gain	96	5	-123.30
gain	5	97	-112.78
gain	97	5	-112.78
gain	5	98	-120.55
gain	98	5	-120.55
gain	5	99	-118.29
gain	99	5	-118.29
gain	5	100	-122.64
gain	100	5	-122.64
gain	5	101	-119.24
gain	101	5	-119.24
gain	5	102	-116.37
gain	102	5	-116.37
gain	5	103	-116.39
gain	103	5	-116.39
gain	5	104	-125.89
gain	104	5	-125.89
gain	5	105	-125.24
gain	105	5	-125.24
gain	5	106	-122.33
gain	106	5	-122.33
gain	5	107	-127.27
gain	107	5	-127.27
gain	5	108	-129.83
gain	108	5	-129.83
gain	5	109	-127.10
gain	109	5	-127.10
gain	5	110	-125.54
gain	110	5	-125.54
gain	5	111	-117.11
gain	111	5	-117.11
gain	5	112	-119.01
gain	112	5	-119.01
gain	5	113	-119.53
gain	113	5	-119.53
gain	5	114	-125.57
gain	114	5	-125.57
gain	5	115	-123.05
gain	115	5	-123.05
gain	5	116	-122.15
gain	116	5	-122.15
gain	5	117	-127.46
gain	117	5	-127.46
gain	5	118	-125.26
gain	118	5	-125.26
gain	5	119	-130.14
gain	119	5	-130.14
gain	5	120	-130.12
gain	120	5	-130.12
gain	5	121	-129.62
gain	121	5	-129.62
gain	5	122	-128.72
gain	122	5	-128.72
gain	5	123	-126.91
gain	123	5	-126.91
gain	5	124	-123.49
gain	124	5	-123.49
gain	5	125	-123.71
gain	125	5	-123.71
gain	5	126	-122.53
gain	126	5	-122.53
gain	5	127	-125.03
gain	127	5	-125.03
gain	5	128	-128.74
gain	128	5	-128.74
gain	5	129	-130.33
gain	129	5	-130.33
gain	5	130	-121.91
gain	130	5	-121.91
gain	5	131	-126.18
gain	131	5	-126.18
gain	5	132	-128.70
gain	132	5	-128.70
gain	5	133	-132.10
gain	133	5	-132.10
gain	5	134	-125.65
gain	134	5	-125.65
gain	5	135	-126.96
gain	135	5	-126.96
gain	5	136	-123.56
gain	136	5	-123.56
gain	5	137	-127.90
gain	137	5	-127.90
gain	5	138	-120.41
gain	138	5	-120.41
gain	5	139	-127.21
gain	139	5	-127.21
gain	5	140	-120.69
gain	140	5	-120.69
gain	5	141	-129.83
gain	141	5	-129.83
gain	5	142	-129.23
gain	142	5	-129.23
gain	5	143	-127.29
gain	143	5	-127.29
gain	6	7	-72.64
gain	7	6	-72.64
gain	6	8	-91.41
gain	8	6	-91.41
gain	6	9	-103.11
gain	9	6	-103.11
gain	6	10	-108.59
gain	10	6	-108.59
gain	6	11	-109.25
gain	11	6	-109.25
gain	6	12	-111.90
gain	12	6	-111.90
gain	6	13	-109.98
gain	13	6	-109.98
gain	6	14	-106.19
gain	14	6	-106.19
gain	6	15	-99.24
gain	15	6	-99.24
gain	6	16	-94.31
gain	16	6	-94.31
gain	6	17	-88.59
gain	17	6	-88.59
gain	6	18	-79.91
gain	18	6	-79.91
gain	6	19	-79.21
gain	19	6	-79.21
gain	6	20	-94.81
gain	20	6	-94.81
gain	6	21	-105.61
gain	21	6	-105.61
gain	6	22	-106.71
gain	22	6	-106.71
gain	6	23	-102.91
gain	23	6	-102.91
gain	6	24	-112.22
gain	24	6	-112.22
gain	6	25	-111.87
gain	25	6	-111.87
gain	6	26	-109.52
gain	26	6	-109.52
gain	6	27	-102.70
gain	27	6	-102.70
gain	6	28	-95.73
gain	28	6	-95.73
gain	6	29	-90.12
gain	29	6	-90.12
gain	6	30	-93.65
gain	30	6	-93.65
gain	6	31	-90.50
gain	31	6	-90.50
gain	6	32	-94.59
gain	32	6	-94.59
gain	6	33	-101.19
gain	33	6	-101.19
gain	6	34	-107.92
gain	34	6	-107.92
gain	6	35	-120.01
gain	35	6	-120.01
gain	6	36	-114.62
gain	36	6	-114.62
gain	6	37	-109.67
gain	37	6	-109.67
gain	6	38	-107.94
gain	38	6	-107.94
gain	6	39	-105.81
gain	39	6	-105.81
gain	6	40	-110.93
gain	40	6	-110.93
gain	6	41	-106.02
gain	41	6	-106.02
gain	6	42	-105.87
gain	42	6	-105.87
gain	6	43	-95.05
gain	43	6	-95.05
gain	6	44	-99.55
gain	44	6	-99.55
gain	6	45	-102.17
gain	45	6	-102.17
gain	6	46	-109.72
gain	46	6	-109.72
gain	6	47	-110.31
gain	47	6	-110.31
gain	6	48	-119.77
gain	48	6	-119.77
gain	6	49	-115.83
gain	49	6	-115.83
gain	6	50	-112.51
gain	50	6	-112.51
gain	6	51	-112.88
gain	51	6	-112.88
gain	6	52	-113.50
gain	52	6	-113.50
gain	6	53	-110.19
gain	53	6	-110.19
gain	6	54	-104.27
gain	54	6	-104.27
gain	6	55	-111.34
gain	55	6	-111.34
gain	6	56	-107.17
gain	56	6	-107.17
gain	6	57	-113.03
gain	57	6	-113.03
gain	6	58	-113.88
gain	58	6	-113.88
gain	6	59	-117.37
gain	59	6	-117.37
gain	6	60	-120.46
gain	60	6	-120.46
gain	6	61	-117.02
gain	61	6	-117.02
gain	6	62	-113.73
gain	62	6	-113.73
gain	6	63	-112.63
gain	63	6	-112.63
gain	6	64	-116.66
gain	64	6	-116.66
gain	6	65	-115.95
gain	65	6	-115.95
gain	6	66	-103.39
gain	66	6	-103.39
gain	6	67	-115.09
gain	67	6	-115.09
gain	6	68	-109.04
gain	68	6	-109.04
gain	6	69	-113.94
gain	69	6	-113.94
gain	6	70	-112.63
gain	70	6	-112.63
gain	6	71	-119.38
gain	71	6	-119.38
gain	6	72	-119.87
gain	72	6	-119.87
gain	6	73	-118.48
gain	73	6	-118.48
gain	6	74	-121.12
gain	74	6	-121.12
gain	6	75	-119.37
gain	75	6	-119.37
gain	6	76	-118.46
gain	76	6	-118.46
gain	6	77	-115.04
gain	77	6	-115.04
gain	6	78	-113.83
gain	78	6	-113.83
gain	6	79	-111.17
gain	79	6	-111.17
gain	6	80	-120.72
gain	80	6	-120.72
gain	6	81	-115.06
gain	81	6	-115.06
gain	6	82	-119.53
gain	82	6	-119.53
gain	6	83	-116.23
gain	83	6	-116.23
gain	6	84	-124.92
gain	84	6	-124.92
gain	6	85	-125.77
gain	85	6	-125.77
gain	6	86	-117.94
gain	86	6	-117.94
gain	6	87	-124.12
gain	87	6	-124.12
gain	6	88	-115.52
gain	88	6	-115.52
gain	6	89	-116.70
gain	89	6	-116.70
gain	6	90	-122.67
gain	90	6	-122.67
gain	6	91	-118.61
gain	91	6	-118.61
gain	6	92	-120.15
gain	92	6	-120.15
gain	6	93	-114.94
gain	93	6	-114.94
gain	6	94	-114.68
gain	94	6	-114.68
gain	6	95	-126.42
gain	95	6	-126.42
gain	6	96	-128.38
gain	96	6	-128.38
gain	6	97	-121.22
gain	97	6	-121.22
gain	6	98	-124.50
gain	98	6	-124.50
gain	6	99	-125.21
gain	99	6	-125.21
gain	6	100	-124.53
gain	100	6	-124.53
gain	6	101	-122.58
gain	101	6	-122.58
gain	6	102	-118.56
gain	102	6	-118.56
gain	6	103	-118.39
gain	103	6	-118.39
gain	6	104	-121.45
gain	104	6	-121.45
gain	6	105	-113.89
gain	105	6	-113.89
gain	6	106	-119.46
gain	106	6	-119.46
gain	6	107	-121.06
gain	107	6	-121.06
gain	6	108	-124.46
gain	108	6	-124.46
gain	6	109	-127.22
gain	109	6	-127.22
gain	6	110	-130.36
gain	110	6	-130.36
gain	6	111	-120.70
gain	111	6	-120.70
gain	6	112	-123.37
gain	112	6	-123.37
gain	6	113	-116.04
gain	113	6	-116.04
gain	6	114	-121.89
gain	114	6	-121.89
gain	6	115	-126.66
gain	115	6	-126.66
gain	6	116	-123.98
gain	116	6	-123.98
gain	6	117	-120.42
gain	117	6	-120.42
gain	6	118	-123.46
gain	118	6	-123.46
gain	6	119	-126.44
gain	119	6	-126.44
gain	6	120	-128.02
gain	120	6	-128.02
gain	6	121	-120.59
gain	121	6	-120.59
gain	6	122	-127.84
gain	122	6	-127.84
gain	6	123	-123.68
gain	123	6	-123.68
gain	6	124	-127.72
gain	124	6	-127.72
gain	6	125	-123.85
gain	125	6	-123.85
gain	6	126	-126.49
gain	126	6	-126.49
gain	6	127	-128.47
gain	127	6	-128.47
gain	6	128	-124.03
gain	128	6	-124.03
gain	6	129	-124.59
gain	129	6	-124.59
gain	6	130	-131.09
gain	130	6	-131.09
gain	6	131	-131.96
gain	131	6	-131.96
gain	6	132	-126.08
gain	132	6	-126.08
gain	6	133	-131.69
gain	133	6	-131.69
gain	6	134	-126.45
gain	134	6	-126.45
gain	6	135	-131.90
gain	135	6	-131.90
gain	6	136	-128.08
gain	136	6	-128.08
gain	6	137	-123.17
gain	137	6	-123.17
gain	6	138	-121.87
gain	138	6	-121.87
gain	6	139	-123.89
gain	139	6	-123.89
gain	6	140	-121.66
gain	140	6	-121.66
gain	6	141	-132.47
gain	141	6	-132.47
gain	6	142	-129.13
gain	142	6	-129.13
gain	6	143	-123.81
gain	143	6	-123.81
gain	7	8	-81.39
gain	8	7	-81.39
gain	7	9	-97.57
gain	9	7	-97.57
gain	7	10	-104.72
gain	10	7	-104.72
gain	7	11	-107.21
gain	11	7	-107.21
gain	7	12	-122.00
gain	12	7	-122.00
gain	7	13	-114.70
gain	13	7	-114.70
gain	7	14	-106.59
gain	14	7	-106.59
gain	7	15	-111.48
gain	15	7	-111.48
gain	7	16	-98.67
gain	16	7	-98.67
gain	7	17	-94.76
gain	17	7	-94.76
gain	7	18	-82.55
gain	18	7	-82.55
gain	7	19	-75.06
gain	19	7	-75.06
gain	7	20	-86.63
gain	20	7	-86.63
gain	7	21	-93.48
gain	21	7	-93.48
gain	7	22	-100.77
gain	22	7	-100.77
gain	7	23	-106.00
gain	23	7	-106.00
gain	7	24	-109.51
gain	24	7	-109.51
gain	7	25	-115.78
gain	25	7	-115.78
gain	7	26	-111.05
gain	26	7	-111.05
gain	7	27	-108.42
gain	27	7	-108.42
gain	7	28	-102.52
gain	28	7	-102.52
gain	7	29	-94.67
gain	29	7	-94.67
gain	7	30	-99.58
gain	30	7	-99.58
gain	7	31	-87.07
gain	31	7	-87.07
gain	7	32	-99.54
gain	32	7	-99.54
gain	7	33	-102.13
gain	33	7	-102.13
gain	7	34	-99.16
gain	34	7	-99.16
gain	7	35	-107.11
gain	35	7	-107.11
gain	7	36	-121.33
gain	36	7	-121.33
gain	7	37	-116.77
gain	37	7	-116.77
gain	7	38	-117.85
gain	38	7	-117.85
gain	7	39	-118.17
gain	39	7	-118.17
gain	7	40	-105.63
gain	40	7	-105.63
gain	7	41	-101.67
gain	41	7	-101.67
gain	7	42	-98.94
gain	42	7	-98.94
gain	7	43	-97.82
gain	43	7	-97.82
gain	7	44	-98.51
gain	44	7	-98.51
gain	7	45	-107.65
gain	45	7	-107.65
gain	7	46	-113.18
gain	46	7	-113.18
gain	7	47	-111.82
gain	47	7	-111.82
gain	7	48	-119.11
gain	48	7	-119.11
gain	7	49	-114.63
gain	49	7	-114.63
gain	7	50	-117.92
gain	50	7	-117.92
gain	7	51	-114.81
gain	51	7	-114.81
gain	7	52	-107.55
gain	52	7	-107.55
gain	7	53	-104.79
gain	53	7	-104.79
gain	7	54	-105.04
gain	54	7	-105.04
gain	7	55	-107.33
gain	55	7	-107.33
gain	7	56	-114.66
gain	56	7	-114.66
gain	7	57	-113.24
gain	57	7	-113.24
gain	7	58	-105.70
gain	58	7	-105.70
gain	7	59	-115.00
gain	59	7	-115.00
gain	7	60	-120.75
gain	60	7	-120.75
gain	7	61	-115.27
gain	61	7	-115.27
gain	7	62	-124.43
gain	62	7	-124.43
gain	7	63	-117.05
gain	63	7	-117.05
gain	7	64	-117.88
gain	64	7	-117.88
gain	7	65	-115.86
gain	65	7	-115.86
gain	7	66	-110.18
gain	66	7	-110.18
gain	7	67	-107.44
gain	67	7	-107.44
gain	7	68	-108.88
gain	68	7	-108.88
gain	7	69	-114.88
gain	69	7	-114.88
gain	7	70	-114.07
gain	70	7	-114.07
gain	7	71	-118.56
gain	71	7	-118.56
gain	7	72	-122.59
gain	72	7	-122.59
gain	7	73	-118.85
gain	73	7	-118.85
gain	7	74	-117.96
gain	74	7	-117.96
gain	7	75	-115.74
gain	75	7	-115.74
gain	7	76	-118.00
gain	76	7	-118.00
gain	7	77	-112.49
gain	77	7	-112.49
gain	7	78	-119.39
gain	78	7	-119.39
gain	7	79	-117.04
gain	79	7	-117.04
gain	7	80	-113.58
gain	80	7	-113.58
gain	7	81	-120.09
gain	81	7	-120.09
gain	7	82	-118.05
gain	82	7	-118.05
gain	7	83	-117.91
gain	83	7	-117.91
gain	7	84	-126.15
gain	84	7	-126.15
gain	7	85	-127.19
gain	85	7	-127.19
gain	7	86	-122.23
gain	86	7	-122.23
gain	7	87	-116.76
gain	87	7	-116.76
gain	7	88	-119.78
gain	88	7	-119.78
gain	7	89	-115.07
gain	89	7	-115.07
gain	7	90	-116.70
gain	90	7	-116.70
gain	7	91	-119.33
gain	91	7	-119.33
gain	7	92	-117.89
gain	92	7	-117.89
gain	7	93	-117.17
gain	93	7	-117.17
gain	7	94	-120.79
gain	94	7	-120.79
gain	7	95	-118.89
gain	95	7	-118.89
gain	7	96	-123.41
gain	96	7	-123.41
gain	7	97	-130.87
gain	97	7	-130.87
gain	7	98	-122.61
gain	98	7	-122.61
gain	7	99	-124.47
gain	99	7	-124.47
gain	7	100	-121.90
gain	100	7	-121.90
gain	7	101	-119.40
gain	101	7	-119.40
gain	7	102	-122.51
gain	102	7	-122.51
gain	7	103	-118.11
gain	103	7	-118.11
gain	7	104	-121.48
gain	104	7	-121.48
gain	7	105	-118.01
gain	105	7	-118.01
gain	7	106	-123.08
gain	106	7	-123.08
gain	7	107	-127.72
gain	107	7	-127.72
gain	7	108	-127.99
gain	108	7	-127.99
gain	7	109	-124.59
gain	109	7	-124.59
gain	7	110	-121.43
gain	110	7	-121.43
gain	7	111	-117.65
gain	111	7	-117.65
gain	7	112	-121.65
gain	112	7	-121.65
gain	7	113	-128.45
gain	113	7	-128.45
gain	7	114	-123.73
gain	114	7	-123.73
gain	7	115	-124.85
gain	115	7	-124.85
gain	7	116	-119.24
gain	116	7	-119.24
gain	7	117	-120.10
gain	117	7	-120.10
gain	7	118	-120.01
gain	118	7	-120.01
gain	7	119	-127.89
gain	119	7	-127.89
gain	7	120	-126.84
gain	120	7	-126.84
gain	7	121	-123.96
gain	121	7	-123.96
gain	7	122	-126.69
gain	122	7	-126.69
gain	7	123	-126.21
gain	123	7	-126.21
gain	7	124	-131.22
gain	124	7	-131.22
gain	7	125	-128.18
gain	125	7	-128.18
gain	7	126	-123.88
gain	126	7	-123.88
gain	7	127	-127.97
gain	127	7	-127.97
gain	7	128	-128.98
