gain	0	1	-82.13
gain	1	0	-82.13
gain	0	2	-90.07
gain	2	0	-90.07
gain	0	3	-100.16
gain	3	0	-100.16
gain	0	4	-109.48
gain	4	0	-109.48
gain	0	5	-110.15
gain	5	0	-110.15
gain	0	6	-106.87
gain	6	0	-106.87
gain	0	7	-119.00
gain	7	0	-119.00
gain	0	8	-119.83
gain	8	0	-119.83
gain	0	9	-125.48
gain	9	0	-125.48
gain	0	10	-127.35
gain	10	0	-127.35
gain	0	11	-131.03
gain	11	0	-131.03
gain	0	12	-129.78
gain	12	0	-129.78
gain	0	13	-128.90
gain	13	0	-128.90
gain	0	14	-124.87
gain	14	0	-124.87
gain	0	15	-137.45
gain	15	0	-137.45
gain	0	16	-127.63
gain	16	0	-127.63
gain	0	17	-130.15
gain	17	0	-130.15
gain	0	18	-79.76
gain	18	0	-79.76
gain	0	19	-90.63
gain	19	0	-90.63
gain	0	20	-91.58
gain	20	0	-91.58
gain	0	21	-95.88
gain	21	0	-95.88
gain	0	22	-107.73
gain	22	0	-107.73
gain	0	23	-110.41
gain	23	0	-110.41
gain	0	24	-115.93
gain	24	0	-115.93
gain	0	25	-119.57
gain	25	0	-119.57
gain	0	26	-120.53
gain	26	0	-120.53
gain	0	27	-127.18
gain	27	0	-127.18
gain	0	28	-126.27
gain	28	0	-126.27
gain	0	29	-122.19
gain	29	0	-122.19
gain	0	30	-128.55
gain	30	0	-128.55
gain	0	31	-133.10
gain	31	0	-133.10
gain	0	32	-139.66
gain	32	0	-139.66
gain	0	33	-130.92
gain	33	0	-130.92
gain	0	34	-130.83
gain	34	0	-130.83
gain	0	35	-138.13
gain	35	0	-138.13
gain	0	36	-95.14
gain	36	0	-95.14
gain	0	37	-96.91
gain	37	0	-96.91
gain	0	38	-103.24
gain	38	0	-103.24
gain	0	39	-104.96
gain	39	0	-104.96
gain	0	40	-104.20
gain	40	0	-104.20
gain	0	41	-111.56
gain	41	0	-111.56
gain	0	42	-107.21
gain	42	0	-107.21
gain	0	43	-118.32
gain	43	0	-118.32
gain	0	44	-122.85
gain	44	0	-122.85
gain	0	45	-121.07
gain	45	0	-121.07
gain	0	46	-124.51
gain	46	0	-124.51
gain	0	47	-125.85
gain	47	0	-125.85
gain	0	48	-129.87
gain	48	0	-129.87
gain	0	49	-123.12
gain	49	0	-123.12
gain	0	50	-136.13
gain	50	0	-136.13
gain	0	51	-136.56
gain	51	0	-136.56
gain	0	52	-132.96
gain	52	0	-132.96
gain	0	53	-134.88
gain	53	0	-134.88
gain	0	54	-100.55
gain	54	0	-100.55
gain	0	55	-100.49
gain	55	0	-100.49
gain	0	56	-103.99
gain	56	0	-103.99
gain	0	57	-104.73
gain	57	0	-104.73
gain	0	58	-109.95
gain	58	0	-109.95
gain	0	59	-111.85
gain	59	0	-111.85
gain	0	60	-115.79
gain	60	0	-115.79
gain	0	61	-118.07
gain	61	0	-118.07
gain	0	62	-120.13
gain	62	0	-120.13
gain	0	63	-124.66
gain	63	0	-124.66
gain	0	64	-120.87
gain	64	0	-120.87
gain	0	65	-118.90
gain	65	0	-118.90
gain	0	66	-127.83
gain	66	0	-127.83
gain	0	67	-132.31
gain	67	0	-132.31
gain	0	68	-136.16
gain	68	0	-136.16
gain	0	69	-135.34
gain	69	0	-135.34
gain	0	70	-133.86
gain	70	0	-133.86
gain	0	71	-131.83
gain	71	0	-131.83
gain	0	72	-104.18
gain	72	0	-104.18
gain	0	73	-106.12
gain	73	0	-106.12
gain	0	74	-104.72
gain	74	0	-104.72
gain	0	75	-111.90
gain	75	0	-111.90
gain	0	76	-111.60
gain	76	0	-111.60
gain	0	77	-119.15
gain	77	0	-119.15
gain	0	78	-118.57
gain	78	0	-118.57
gain	0	79	-120.35
gain	79	0	-120.35
gain	0	80	-117.03
gain	80	0	-117.03
gain	0	81	-125.77
gain	81	0	-125.77
gain	0	82	-126.88
gain	82	0	-126.88
gain	0	83	-123.73
gain	83	0	-123.73
gain	0	84	-133.90
gain	84	0	-133.90
gain	0	85	-133.08
gain	85	0	-133.08
gain	0	86	-135.51
gain	86	0	-135.51
gain	0	87	-133.79
gain	87	0	-133.79
gain	0	88	-132.00
gain	88	0	-132.00
gain	0	89	-133.17
gain	89	0	-133.17
gain	0	90	-114.39
gain	90	0	-114.39
gain	0	91	-112.18
gain	91	0	-112.18
gain	0	92	-111.81
gain	92	0	-111.81
gain	0	93	-113.05
gain	93	0	-113.05
gain	0	94	-116.39
gain	94	0	-116.39
gain	0	95	-119.52
gain	95	0	-119.52
gain	0	96	-116.31
gain	96	0	-116.31
gain	0	97	-121.88
gain	97	0	-121.88
gain	0	98	-126.47
gain	98	0	-126.47
gain	0	99	-132.90
gain	99	0	-132.90
gain	0	100	-131.92
gain	100	0	-131.92
gain	0	101	-125.98
gain	101	0	-125.98
gain	0	102	-131.40
gain	102	0	-131.40
gain	0	103	-131.71
gain	103	0	-131.71
gain	0	104	-137.32
gain	104	0	-137.32
gain	0	105	-137.16
gain	105	0	-137.16
gain	0	106	-133.09
gain	106	0	-133.09
gain	0	107	-140.97
gain	107	0	-140.97
gain	0	108	-118.07
gain	108	0	-118.07
gain	0	109	-116.64
gain	109	0	-116.64
gain	0	110	-113.90
gain	110	0	-113.90
gain	0	111	-115.97
gain	111	0	-115.97
gain	0	112	-114.29
gain	112	0	-114.29
gain	0	113	-121.14
gain	113	0	-121.14
gain	0	114	-122.00
gain	114	0	-122.00
gain	0	115	-125.12
gain	115	0	-125.12
gain	0	116	-127.78
gain	116	0	-127.78
gain	0	117	-121.01
gain	117	0	-121.01
gain	0	118	-130.19
gain	118	0	-130.19
gain	0	119	-131.52
gain	119	0	-131.52
gain	0	120	-127.73
gain	120	0	-127.73
gain	0	121	-127.30
gain	121	0	-127.30
gain	0	122	-131.11
gain	122	0	-131.11
gain	0	123	-133.58
gain	123	0	-133.58
gain	0	124	-139.39
gain	124	0	-139.39
gain	0	125	-135.63
gain	125	0	-135.63
gain	0	126	-117.80
gain	126	0	-117.80
gain	0	127	-111.57
gain	127	0	-111.57
gain	0	128	-118.09
gain	128	0	-118.09
gain	0	129	-118.65
gain	129	0	-118.65
gain	0	130	-124.53
gain	130	0	-124.53
gain	0	131	-120.27
gain	131	0	-120.27
gain	0	132	-119.82
gain	132	0	-119.82
gain	0	133	-128.39
gain	133	0	-128.39
gain	0	134	-124.25
gain	134	0	-124.25
gain	0	135	-131.76
gain	135	0	-131.76
gain	0	136	-130.75
gain	136	0	-130.75
gain	0	137	-126.30
gain	137	0	-126.30
gain	0	138	-132.38
gain	138	0	-132.38
gain	0	139	-131.01
gain	139	0	-131.01
gain	0	140	-135.66
gain	140	0	-135.66
gain	0	141	-133.98
gain	141	0	-133.98
gain	0	142	-138.00
gain	142	0	-138.00
gain	0	143	-133.45
gain	143	0	-133.45
gain	0	144	-121.81
gain	144	0	-121.81
gain	0	145	-115.63
gain	145	0	-115.63
gain	0	146	-116.95
gain	146	0	-116.95
gain	0	147	-128.13
gain	147	0	-128.13
gain	0	148	-118.92
gain	148	0	-118.92
gain	0	149	-123.71
gain	149	0	-123.71
gain	0	150	-125.60
gain	150	0	-125.60
gain	0	151	-126.42
gain	151	0	-126.42
gain	0	152	-127.98
gain	152	0	-127.98
gain	0	153	-128.27
gain	153	0	-128.27
gain	0	154	-127.31
gain	154	0	-127.31
gain	0	155	-127.77
gain	155	0	-127.77
gain	0	156	-125.55
gain	156	0	-125.55
gain	0	157	-131.15
gain	157	0	-131.15
gain	0	158	-135.29
gain	158	0	-135.29
gain	0	159	-134.30
gain	159	0	-134.30
gain	0	160	-139.38
gain	160	0	-139.38
gain	0	161	-141.89
gain	161	0	-141.89
gain	0	162	-121.72
gain	162	0	-121.72
gain	0	163	-122.13
gain	163	0	-122.13
gain	0	164	-125.09
gain	164	0	-125.09
gain	0	165	-115.95
gain	165	0	-115.95
gain	0	166	-124.14
gain	166	0	-124.14
gain	0	167	-131.03
gain	167	0	-131.03
gain	0	168	-127.04
gain	168	0	-127.04
gain	0	169	-123.30
gain	169	0	-123.30
gain	0	170	-123.80
gain	170	0	-123.80
gain	0	171	-128.54
gain	171	0	-128.54
gain	0	172	-133.40
gain	172	0	-133.40
gain	0	173	-130.65
gain	173	0	-130.65
gain	0	174	-130.04
gain	174	0	-130.04
gain	0	175	-136.75
gain	175	0	-136.75
gain	0	176	-135.26
gain	176	0	-135.26
gain	0	177	-137.43
gain	177	0	-137.43
gain	0	178	-133.62
gain	178	0	-133.62
gain	0	179	-137.75
gain	179	0	-137.75
gain	0	180	-123.20
gain	180	0	-123.20
gain	0	181	-125.84
gain	181	0	-125.84
gain	0	182	-123.93
gain	182	0	-123.93
gain	0	183	-127.33
gain	183	0	-127.33
gain	0	184	-130.89
gain	184	0	-130.89
gain	0	185	-123.38
gain	185	0	-123.38
gain	0	186	-126.16
gain	186	0	-126.16
gain	0	187	-127.46
gain	187	0	-127.46
gain	0	188	-124.08
gain	188	0	-124.08
gain	0	189	-129.76
gain	189	0	-129.76
gain	0	190	-131.84
gain	190	0	-131.84
gain	0	191	-129.81
gain	191	0	-129.81
gain	0	192	-134.59
gain	192	0	-134.59
gain	0	193	-133.59
gain	193	0	-133.59
gain	0	194	-137.73
gain	194	0	-137.73
gain	0	195	-138.30
gain	195	0	-138.30
gain	0	196	-138.37
gain	196	0	-138.37
gain	0	197	-140.28
gain	197	0	-140.28
gain	0	198	-127.21
gain	198	0	-127.21
gain	0	199	-128.12
gain	199	0	-128.12
gain	0	200	-127.15
gain	200	0	-127.15
gain	0	201	-123.03
gain	201	0	-123.03
gain	0	202	-127.76
gain	202	0	-127.76
gain	0	203	-133.82
gain	203	0	-133.82
gain	0	204	-128.36
gain	204	0	-128.36
gain	0	205	-132.82
gain	205	0	-132.82
gain	0	206	-125.67
gain	206	0	-125.67
gain	0	207	-136.01
gain	207	0	-136.01
gain	0	208	-135.11
gain	208	0	-135.11
gain	0	209	-132.28
gain	209	0	-132.28
gain	0	210	-130.71
gain	210	0	-130.71
gain	0	211	-136.21
gain	211	0	-136.21
gain	0	212	-136.48
gain	212	0	-136.48
gain	0	213	-144.47
gain	213	0	-144.47
gain	0	214	-140.64
gain	214	0	-140.64
gain	0	215	-136.95
gain	215	0	-136.95
gain	0	216	-126.67
gain	216	0	-126.67
gain	0	217	-126.49
gain	217	0	-126.49
gain	0	218	-127.69
gain	218	0	-127.69
gain	0	219	-131.56
gain	219	0	-131.56
gain	0	220	-134.31
gain	220	0	-134.31
gain	0	221	-131.49
gain	221	0	-131.49
gain	0	222	-132.17
gain	222	0	-132.17
gain	0	223	-134.03
gain	223	0	-134.03
gain	0	224	-132.74
gain	224	0	-132.74
gain	0	225	-130.70
gain	225	0	-130.70
gain	0	226	-128.40
gain	226	0	-128.40
gain	0	227	-134.44
gain	227	0	-134.44
gain	0	228	-138.41
gain	228	0	-138.41
gain	0	229	-137.63
gain	229	0	-137.63
gain	0	230	-135.01
gain	230	0	-135.01
gain	0	231	-139.89
gain	231	0	-139.89
gain	0	232	-142.41
gain	232	0	-142.41
gain	0	233	-144.68
gain	233	0	-144.68
gain	0	234	-131.94
gain	234	0	-131.94
gain	0	235	-127.55
gain	235	0	-127.55
gain	0	236	-137.18
gain	236	0	-137.18
gain	0	237	-131.69
gain	237	0	-131.69
gain	0	238	-138.25
gain	238	0	-138.25
gain	0	239	-131.26
gain	239	0	-131.26
gain	0	240	-137.35
gain	240	0	-137.35
gain	0	241	-136.41
gain	241	0	-136.41
gain	0	242	-133.50
gain	242	0	-133.50
gain	0	243	-134.90
gain	243	0	-134.90
gain	0	244	-132.63
gain	244	0	-132.63
gain	0	245	-134.71
gain	245	0	-134.71
gain	0	246	-138.43
gain	246	0	-138.43
gain	0	247	-137.38
gain	247	0	-137.38
gain	0	248	-137.78
gain	248	0	-137.78
gain	0	249	-136.67
gain	249	0	-136.67
gain	0	250	-139.62
gain	250	0	-139.62
gain	0	251	-139.90
gain	251	0	-139.90
gain	0	252	-132.13
gain	252	0	-132.13
gain	0	253	-126.88
gain	253	0	-126.88
gain	0	254	-130.53
gain	254	0	-130.53
gain	0	255	-136.39
gain	255	0	-136.39
gain	0	256	-131.75
gain	256	0	-131.75
gain	0	257	-130.37
gain	257	0	-130.37
gain	0	258	-134.41
gain	258	0	-134.41
gain	0	259	-131.87
gain	259	0	-131.87
gain	0	260	-135.12
gain	260	0	-135.12
gain	0	261	-137.04
gain	261	0	-137.04
gain	0	262	-138.47
gain	262	0	-138.47
gain	0	263	-135.14
gain	263	0	-135.14
gain	0	264	-138.56
gain	264	0	-138.56
gain	0	265	-140.23
gain	265	0	-140.23
gain	0	266	-140.10
gain	266	0	-140.10
gain	0	267	-144.74
gain	267	0	-144.74
gain	0	268	-140.63
gain	268	0	-140.63
gain	0	269	-143.70
gain	269	0	-143.70
gain	0	270	-137.44
gain	270	0	-137.44
gain	0	271	-136.03
gain	271	0	-136.03
gain	0	272	-130.65
gain	272	0	-130.65
gain	0	273	-134.08
gain	273	0	-134.08
gain	0	274	-129.53
gain	274	0	-129.53
gain	0	275	-134.24
gain	275	0	-134.24
gain	0	276	-136.98
gain	276	0	-136.98
gain	0	277	-133.26
gain	277	0	-133.26
gain	0	278	-136.06
gain	278	0	-136.06
gain	0	279	-136.01
gain	279	0	-136.01
gain	0	280	-135.98
gain	280	0	-135.98
gain	0	281	-137.93
gain	281	0	-137.93
gain	0	282	-136.24
gain	282	0	-136.24
gain	0	283	-140.04
gain	283	0	-140.04
gain	0	284	-139.03
gain	284	0	-139.03
gain	0	285	-138.18
gain	285	0	-138.18
gain	0	286	-143.16
gain	286	0	-143.16
gain	0	287	-143.53
gain	287	0	-143.53
gain	0	288	-137.22
gain	288	0	-137.22
gain	0	289	-128.64
gain	289	0	-128.64
gain	0	290	-133.79
gain	290	0	-133.79
gain	0	291	-136.69
gain	291	0	-136.69
gain	0	292	-136.53
gain	292	0	-136.53
gain	0	293	-135.23
gain	293	0	-135.23
gain	0	294	-135.69
gain	294	0	-135.69
gain	0	295	-129.72
gain	295	0	-129.72
gain	0	296	-135.91
gain	296	0	-135.91
gain	0	297	-131.65
gain	297	0	-131.65
gain	0	298	-142.21
gain	298	0	-142.21
gain	0	299	-140.95
gain	299	0	-140.95
gain	0	300	-139.36
gain	300	0	-139.36
gain	0	301	-144.86
gain	301	0	-144.86
gain	0	302	-140.03
gain	302	0	-140.03
gain	0	303	-139.26
gain	303	0	-139.26
gain	0	304	-143.50
gain	304	0	-143.50
gain	0	305	-139.21
gain	305	0	-139.21
gain	0	306	-137.33
gain	306	0	-137.33
gain	0	307	-139.05
gain	307	0	-139.05
gain	0	308	-140.30
gain	308	0	-140.30
gain	0	309	-141.75
gain	309	0	-141.75
gain	0	310	-136.34
gain	310	0	-136.34
gain	0	311	-139.55
gain	311	0	-139.55
gain	0	312	-136.80
gain	312	0	-136.80
gain	0	313	-133.75
gain	313	0	-133.75
gain	0	314	-137.18
gain	314	0	-137.18
gain	0	315	-142.94
gain	315	0	-142.94
gain	0	316	-142.56
gain	316	0	-142.56
gain	0	317	-143.10
gain	317	0	-143.10
gain	0	318	-135.10
gain	318	0	-135.10
gain	0	319	-144.05
gain	319	0	-144.05
gain	0	320	-135.32
gain	320	0	-135.32
gain	0	321	-139.60
gain	321	0	-139.60
gain	0	322	-139.24
gain	322	0	-139.24
gain	0	323	-145.79
gain	323	0	-145.79
gain	1	2	-73.56
gain	2	1	-73.56
gain	1	3	-98.10
gain	3	1	-98.10
gain	1	4	-93.35
gain	4	1	-93.35
gain	1	5	-100.09
gain	5	1	-100.09
gain	1	6	-108.73
gain	6	1	-108.73
gain	1	7	-112.39
gain	7	1	-112.39
gain	1	8	-113.12
gain	8	1	-113.12
gain	1	9	-120.73
gain	9	1	-120.73
gain	1	10	-119.40
gain	10	1	-119.40
gain	1	11	-117.65
gain	11	1	-117.65
gain	1	12	-129.73
gain	12	1	-129.73
gain	1	13	-126.87
gain	13	1	-126.87
gain	1	14	-133.22
gain	14	1	-133.22
gain	1	15	-134.19
gain	15	1	-134.19
gain	1	16	-129.95
gain	16	1	-129.95
gain	1	17	-134.58
gain	17	1	-134.58
gain	1	18	-83.30
gain	18	1	-83.30
gain	1	19	-74.80
gain	19	1	-74.80
gain	1	20	-84.09
gain	20	1	-84.09
gain	1	21	-94.04
gain	21	1	-94.04
gain	1	22	-96.96
gain	22	1	-96.96
gain	1	23	-112.49
gain	23	1	-112.49
gain	1	24	-110.66
gain	24	1	-110.66
gain	1	25	-115.60
gain	25	1	-115.60
gain	1	26	-116.76
gain	26	1	-116.76
gain	1	27	-119.78
gain	27	1	-119.78
gain	1	28	-121.69
gain	28	1	-121.69
gain	1	29	-124.33
gain	29	1	-124.33
gain	1	30	-125.04
gain	30	1	-125.04
gain	1	31	-128.68
gain	31	1	-128.68
gain	1	32	-132.62
gain	32	1	-132.62
gain	1	33	-132.45
gain	33	1	-132.45
gain	1	34	-131.80
gain	34	1	-131.80
gain	1	35	-132.03
gain	35	1	-132.03
gain	1	36	-91.56
gain	36	1	-91.56
gain	1	37	-87.25
gain	37	1	-87.25
gain	1	38	-93.98
gain	38	1	-93.98
gain	1	39	-99.49
gain	39	1	-99.49
gain	1	40	-103.56
gain	40	1	-103.56
gain	1	41	-109.66
gain	41	1	-109.66
gain	1	42	-107.71
gain	42	1	-107.71
gain	1	43	-119.30
gain	43	1	-119.30
gain	1	44	-116.71
gain	44	1	-116.71
gain	1	45	-116.11
gain	45	1	-116.11
gain	1	46	-125.01
gain	46	1	-125.01
gain	1	47	-128.14
gain	47	1	-128.14
gain	1	48	-125.57
gain	48	1	-125.57
gain	1	49	-130.93
gain	49	1	-130.93
gain	1	50	-131.31
gain	50	1	-131.31
gain	1	51	-136.74
gain	51	1	-136.74
gain	1	52	-131.61
gain	52	1	-131.61
gain	1	53	-127.00
gain	53	1	-127.00
gain	1	54	-103.37
gain	54	1	-103.37
gain	1	55	-99.13
gain	55	1	-99.13
gain	1	56	-103.96
gain	56	1	-103.96
gain	1	57	-102.09
gain	57	1	-102.09
gain	1	58	-104.94
gain	58	1	-104.94
gain	1	59	-105.68
gain	59	1	-105.68
gain	1	60	-113.69
gain	60	1	-113.69
gain	1	61	-116.92
gain	61	1	-116.92
gain	1	62	-115.69
gain	62	1	-115.69
gain	1	63	-121.46
gain	63	1	-121.46
gain	1	64	-121.99
gain	64	1	-121.99
gain	1	65	-129.64
gain	65	1	-129.64
gain	1	66	-128.82
gain	66	1	-128.82
gain	1	67	-130.27
gain	67	1	-130.27
gain	1	68	-133.35
gain	68	1	-133.35
gain	1	69	-134.62
gain	69	1	-134.62
gain	1	70	-132.33
gain	70	1	-132.33
gain	1	71	-134.45
gain	71	1	-134.45
gain	1	72	-109.77
gain	72	1	-109.77
gain	1	73	-107.03
gain	73	1	-107.03
gain	1	74	-114.99
gain	74	1	-114.99
gain	1	75	-109.91
gain	75	1	-109.91
gain	1	76	-111.35
gain	76	1	-111.35
gain	1	77	-112.09
gain	77	1	-112.09
gain	1	78	-120.21
gain	78	1	-120.21
gain	1	79	-117.64
gain	79	1	-117.64
gain	1	80	-117.32
gain	80	1	-117.32
gain	1	81	-128.10
gain	81	1	-128.10
gain	1	82	-126.50
gain	82	1	-126.50
gain	1	83	-123.14
gain	83	1	-123.14
gain	1	84	-130.86
gain	84	1	-130.86
gain	1	85	-127.34
gain	85	1	-127.34
gain	1	86	-133.10
gain	86	1	-133.10
gain	1	87	-132.22
gain	87	1	-132.22
gain	1	88	-135.21
gain	88	1	-135.21
gain	1	89	-138.66
gain	89	1	-138.66
gain	1	90	-109.14
gain	90	1	-109.14
gain	1	91	-111.91
gain	91	1	-111.91
gain	1	92	-108.46
gain	92	1	-108.46
gain	1	93	-114.73
gain	93	1	-114.73
gain	1	94	-116.72
gain	94	1	-116.72
gain	1	95	-116.95
gain	95	1	-116.95
gain	1	96	-116.77
gain	96	1	-116.77
gain	1	97	-118.41
gain	97	1	-118.41
gain	1	98	-121.70
gain	98	1	-121.70
gain	1	99	-125.91
gain	99	1	-125.91
gain	1	100	-124.83
gain	100	1	-124.83
gain	1	101	-128.96
gain	101	1	-128.96
gain	1	102	-126.77
gain	102	1	-126.77
gain	1	103	-133.62
gain	103	1	-133.62
gain	1	104	-133.13
gain	104	1	-133.13
gain	1	105	-137.34
gain	105	1	-137.34
gain	1	106	-130.09
gain	106	1	-130.09
gain	1	107	-137.78
gain	107	1	-137.78
gain	1	108	-113.03
gain	108	1	-113.03
gain	1	109	-112.39
gain	109	1	-112.39
gain	1	110	-117.86
gain	110	1	-117.86
gain	1	111	-114.79
gain	111	1	-114.79
gain	1	112	-119.56
gain	112	1	-119.56
gain	1	113	-121.03
gain	113	1	-121.03
gain	1	114	-121.76
gain	114	1	-121.76
gain	1	115	-117.18
gain	115	1	-117.18
gain	1	116	-119.25
gain	116	1	-119.25
gain	1	117	-130.10
gain	117	1	-130.10
gain	1	118	-129.66
gain	118	1	-129.66
gain	1	119	-132.24
gain	119	1	-132.24
gain	1	120	-127.56
gain	120	1	-127.56
gain	1	121	-132.13
gain	121	1	-132.13
gain	1	122	-135.00
gain	122	1	-135.00
gain	1	123	-135.73
gain	123	1	-135.73
gain	1	124	-134.36
gain	124	1	-134.36
gain	1	125	-135.17
gain	125	1	-135.17
gain	1	126	-118.90
gain	126	1	-118.90
gain	1	127	-115.87
gain	127	1	-115.87
gain	1	128	-116.76
gain	128	1	-116.76
gain	1	129	-116.05
gain	129	1	-116.05
gain	1	130	-118.70
gain	130	1	-118.70
gain	1	131	-124.63
gain	131	1	-124.63
gain	1	132	-123.96
gain	132	1	-123.96
gain	1	133	-123.38
gain	133	1	-123.38
gain	1	134	-117.69
gain	134	1	-117.69
gain	1	135	-124.41
gain	135	1	-124.41
gain	1	136	-119.43
gain	136	1	-119.43
gain	1	137	-129.11
gain	137	1	-129.11
gain	1	138	-130.66
gain	138	1	-130.66
gain	1	139	-129.40
gain	139	1	-129.40
gain	1	140	-131.14
gain	140	1	-131.14
gain	1	141	-137.99
gain	141	1	-137.99
gain	1	142	-131.67
gain	142	1	-131.67
gain	1	143	-141.69
gain	143	1	-141.69
gain	1	144	-122.88
gain	144	1	-122.88
gain	1	145	-119.79
gain	145	1	-119.79
gain	1	146	-120.48
gain	146	1	-120.48
gain	1	147	-118.68
gain	147	1	-118.68
gain	1	148	-124.66
gain	148	1	-124.66
gain	1	149	-120.84
gain	149	1	-120.84
gain	1	150	-128.89
gain	150	1	-128.89
gain	1	151	-119.57
gain	151	1	-119.57
gain	1	152	-126.92
gain	152	1	-126.92
gain	1	153	-122.40
gain	153	1	-122.40
gain	1	154	-133.51
gain	154	1	-133.51
gain	1	155	-127.13
gain	155	1	-127.13
gain	1	156	-129.29
gain	156	1	-129.29
gain	1	157	-132.66
gain	157	1	-132.66
gain	1	158	-132.21
gain	158	1	-132.21
gain	1	159	-130.54
gain	159	1	-130.54
gain	1	160	-137.79
gain	160	1	-137.79
gain	1	161	-139.35
gain	161	1	-139.35
gain	1	162	-121.63
gain	162	1	-121.63
gain	1	163	-124.94
gain	163	1	-124.94
gain	1	164	-128.01
gain	164	1	-128.01
gain	1	165	-122.87
gain	165	1	-122.87
gain	1	166	-129.66
gain	166	1	-129.66
gain	1	167	-121.61
gain	167	1	-121.61
gain	1	168	-128.47
gain	168	1	-128.47
gain	1	169	-128.42
gain	169	1	-128.42
gain	1	170	-127.77
gain	170	1	-127.77
gain	1	171	-125.22
gain	171	1	-125.22
gain	1	172	-131.64
gain	172	1	-131.64
gain	1	173	-127.93
gain	173	1	-127.93
gain	1	174	-131.68
gain	174	1	-131.68
gain	1	175	-134.47
gain	175	1	-134.47
gain	1	176	-137.17
gain	176	1	-137.17
gain	1	177	-141.86
gain	177	1	-141.86
gain	1	178	-135.55
gain	178	1	-135.55
gain	1	179	-139.63
gain	179	1	-139.63
gain	1	180	-126.43
gain	180	1	-126.43
gain	1	181	-124.80
gain	181	1	-124.80
gain	1	182	-127.69
gain	182	1	-127.69
gain	1	183	-122.42
gain	183	1	-122.42
gain	1	184	-125.15
gain	184	1	-125.15
gain	1	185	-125.33
gain	185	1	-125.33
gain	1	186	-130.86
gain	186	1	-130.86
gain	1	187	-127.40
gain	187	1	-127.40
gain	1	188	-132.36
gain	188	1	-132.36
gain	1	189	-131.43
gain	189	1	-131.43
gain	1	190	-130.43
gain	190	1	-130.43
gain	1	191	-135.71
gain	191	1	-135.71
gain	1	192	-128.81
gain	192	1	-128.81
gain	1	193	-138.99
gain	193	1	-138.99
gain	1	194	-135.65
gain	194	1	-135.65
gain	1	195	-133.59
gain	195	1	-133.59
gain	1	196	-132.17
gain	196	1	-132.17
gain	1	197	-131.90
gain	197	1	-131.90
gain	1	198	-126.77
gain	198	1	-126.77
gain	1	199	-125.13
gain	199	1	-125.13
gain	1	200	-125.76
gain	200	1	-125.76
gain	1	201	-123.92
gain	201	1	-123.92
gain	1	202	-128.88
gain	202	1	-128.88
gain	1	203	-129.07
gain	203	1	-129.07
gain	1	204	-130.48
gain	204	1	-130.48
gain	1	205	-130.43
gain	205	1	-130.43
gain	1	206	-131.11
gain	206	1	-131.11
gain	1	207	-131.86
gain	207	1	-131.86
gain	1	208	-130.33
gain	208	1	-130.33
gain	1	209	-127.46
gain	209	1	-127.46
gain	1	210	-131.91
gain	210	1	-131.91
gain	1	211	-138.69
gain	211	1	-138.69
gain	1	212	-142.64
gain	212	1	-142.64
gain	1	213	-143.82
gain	213	1	-143.82
gain	1	214	-132.33
gain	214	1	-132.33
gain	1	215	-139.68
gain	215	1	-139.68
gain	1	216	-127.08
gain	216	1	-127.08
gain	1	217	-129.55
gain	217	1	-129.55
gain	1	218	-131.12
gain	218	1	-131.12
gain	1	219	-130.47
gain	219	1	-130.47
gain	1	220	-128.83
gain	220	1	-128.83
gain	1	221	-132.51
gain	221	1	-132.51
gain	1	222	-130.73
gain	222	1	-130.73
gain	1	223	-132.46
gain	223	1	-132.46
gain	1	224	-128.48
gain	224	1	-128.48
gain	1	225	-130.09
gain	225	1	-130.09
gain	1	226	-130.86
gain	226	1	-130.86
gain	1	227	-139.62
gain	227	1	-139.62
gain	1	228	-129.97
gain	228	1	-129.97
gain	1	229	-136.75
gain	229	1	-136.75
gain	1	230	-140.89
gain	230	1	-140.89
gain	1	231	-138.36
gain	231	1	-138.36
gain	1	232	-137.08
gain	232	1	-137.08
gain	1	233	-136.61
gain	233	1	-136.61
gain	1	234	-126.98
gain	234	1	-126.98
gain	1	235	-135.68
gain	235	1	-135.68
gain	1	236	-130.85
gain	236	1	-130.85
gain	1	237	-131.16
gain	237	1	-131.16
gain	1	238	-138.91
gain	238	1	-138.91
gain	1	239	-133.09
gain	239	1	-133.09
gain	1	240	-135.58
gain	240	1	-135.58
gain	1	241	-128.76
gain	241	1	-128.76
gain	1	242	-130.18
gain	242	1	-130.18
gain	1	243	-136.29
gain	243	1	-136.29
gain	1	244	-133.62
gain	244	1	-133.62
gain	1	245	-136.64
gain	245	1	-136.64
gain	1	246	-129.00
gain	246	1	-129.00
gain	1	247	-137.83
gain	247	1	-137.83
gain	1	248	-138.71
gain	248	1	-138.71
gain	1	249	-135.24
gain	249	1	-135.24
gain	1	250	-142.14
gain	250	1	-142.14
gain	1	251	-135.42
gain	251	1	-135.42
gain	1	252	-133.62
gain	252	1	-133.62
gain	1	253	-125.70
gain	253	1	-125.70
gain	1	254	-127.50
gain	254	1	-127.50
gain	1	255	-131.80
gain	255	1	-131.80
gain	1	256	-132.87
gain	256	1	-132.87
gain	1	257	-130.67
gain	257	1	-130.67
gain	1	258	-132.76
gain	258	1	-132.76
gain	1	259	-128.73
gain	259	1	-128.73
gain	1	260	-136.20
gain	260	1	-136.20
gain	1	261	-133.62
gain	261	1	-133.62
gain	1	262	-130.53
gain	262	1	-130.53
gain	1	263	-140.50
gain	263	1	-140.50
gain	1	264	-134.24
gain	264	1	-134.24
gain	1	265	-138.62
gain	265	1	-138.62
gain	1	266	-134.09
gain	266	1	-134.09
gain	1	267	-137.70
gain	267	1	-137.70
gain	1	268	-135.09
gain	268	1	-135.09
gain	1	269	-138.31
gain	269	1	-138.31
gain	1	270	-133.83
gain	270	1	-133.83
gain	1	271	-132.31
gain	271	1	-132.31
gain	1	272	-135.80
gain	272	1	-135.80
gain	1	273	-131.23
gain	273	1	-131.23
gain	1	274	-128.85
gain	274	1	-128.85
gain	1	275	-131.43
gain	275	1	-131.43
gain	1	276	-132.63
gain	276	1	-132.63
gain	1	277	-134.10
gain	277	1	-134.10
gain	1	278	-133.35
gain	278	1	-133.35
gain	1	279	-131.62
gain	279	1	-131.62
gain	1	280	-139.84
gain	280	1	-139.84
gain	1	281	-139.65
gain	281	1	-139.65
gain	1	282	-138.91
gain	282	1	-138.91
gain	1	283	-133.68
gain	283	1	-133.68
gain	1	284	-136.33
gain	284	1	-136.33
gain	1	285	-132.61
gain	285	1	-132.61
gain	1	286	-136.31
gain	286	1	-136.31
gain	1	287	-136.42
gain	287	1	-136.42
gain	1	288	-132.98
gain	288	1	-132.98
gain	1	289	-133.42
gain	289	1	-133.42
gain	1	290	-135.32
gain	290	1	-135.32
gain	1	291	-135.59
gain	291	1	-135.59
gain	1	292	-139.22
gain	292	1	-139.22
gain	1	293	-136.48
gain	293	1	-136.48
gain	1	294	-134.76
gain	294	1	-134.76
gain	1	295	-134.36
gain	295	1	-134.36
gain	1	296	-136.39
gain	296	1	-136.39
gain	1	297	-137.09
gain	297	1	-137.09
gain	1	298	-133.92
gain	298	1	-133.92
gain	1	299	-137.37
gain	299	1	-137.37
gain	1	300	-142.96
gain	300	1	-142.96
gain	1	301	-138.11
gain	301	1	-138.11
gain	1	302	-135.48
gain	302	1	-135.48
gain	1	303	-134.46
gain	303	1	-134.46
gain	1	304	-141.01
gain	304	1	-141.01
gain	1	305	-137.70
gain	305	1	-137.70
gain	1	306	-137.83
gain	306	1	-137.83
gain	1	307	-133.91
gain	307	1	-133.91
gain	1	308	-136.72
gain	308	1	-136.72
gain	1	309	-142.22
gain	309	1	-142.22
gain	1	310	-135.90
gain	310	1	-135.90
gain	1	311	-133.98
gain	311	1	-133.98
gain	1	312	-140.03
gain	312	1	-140.03
gain	1	313	-137.54
gain	313	1	-137.54
gain	1	314	-140.12
gain	314	1	-140.12
gain	1	315	-138.69
gain	315	1	-138.69
gain	1	316	-140.13
gain	316	1	-140.13
gain	1	317	-141.87
gain	317	1	-141.87
gain	1	318	-139.70
gain	318	1	-139.70
gain	1	319	-139.07
gain	319	1	-139.07
gain	1	320	-140.64
gain	320	1	-140.64
gain	1	321	-144.43
gain	321	1	-144.43
gain	1	322	-143.25
gain	322	1	-143.25
gain	1	323	-142.70
gain	323	1	-142.70
gain	2	3	-75.71
gain	3	2	-75.71
gain	2	4	-95.30
gain	4	2	-95.30
gain	2	5	-100.45
gain	5	2	-100.45
gain	2	6	-106.84
gain	6	2	-106.84
gain	2	7	-110.98
gain	7	2	-110.98
gain	2	8	-124.73
gain	8	2	-124.73
gain	2	9	-116.10
gain	9	2	-116.10
gain	2	10	-119.55
gain	10	2	-119.55
gain	2	11	-126.56
gain	11	2	-126.56
gain	2	12	-124.21
gain	12	2	-124.21
gain	2	13	-121.47
gain	13	2	-121.47
gain	2	14	-125.69
gain	14	2	-125.69
gain	2	15	-125.18
gain	15	2	-125.18
gain	2	16	-132.61
gain	16	2	-132.61
gain	2	17	-134.11
gain	17	2	-134.11
gain	2	18	-92.47
gain	18	2	-92.47
gain	2	19	-85.74
gain	19	2	-85.74
gain	2	20	-77.98
gain	20	2	-77.98
gain	2	21	-87.63
gain	21	2	-87.63
gain	2	22	-95.01
gain	22	2	-95.01
gain	2	23	-97.65
gain	23	2	-97.65
gain	2	24	-108.53
gain	24	2	-108.53
gain	2	25	-112.37
gain	25	2	-112.37
gain	2	26	-124.74
gain	26	2	-124.74
gain	2	27	-115.53
gain	27	2	-115.53
gain	2	28	-119.13
gain	28	2	-119.13
gain	2	29	-123.13
gain	29	2	-123.13
gain	2	30	-125.48
gain	30	2	-125.48
gain	2	31	-128.78
gain	31	2	-128.78
gain	2	32	-123.69
gain	32	2	-123.69
gain	2	33	-124.33
gain	33	2	-124.33
gain	2	34	-134.29
gain	34	2	-134.29
gain	2	35	-132.67
gain	35	2	-132.67
gain	2	36	-96.82
gain	36	2	-96.82
gain	2	37	-93.08
gain	37	2	-93.08
gain	2	38	-88.03
gain	38	2	-88.03
gain	2	39	-101.25
gain	39	2	-101.25
gain	2	40	-97.51
gain	40	2	-97.51
gain	2	41	-102.95
gain	41	2	-102.95
gain	2	42	-108.00
gain	42	2	-108.00
gain	2	43	-118.60
gain	43	2	-118.60
gain	2	44	-115.45
gain	44	2	-115.45
gain	2	45	-118.10
gain	45	2	-118.10
gain	2	46	-119.32
gain	46	2	-119.32
gain	2	47	-119.60
gain	47	2	-119.60
gain	2	48	-125.27
gain	48	2	-125.27
gain	2	49	-124.91
gain	49	2	-124.91
gain	2	50	-126.94
gain	50	2	-126.94
gain	2	51	-126.37
gain	51	2	-126.37
gain	2	52	-130.96
gain	52	2	-130.96
gain	2	53	-130.26
gain	53	2	-130.26
gain	2	54	-103.16
gain	54	2	-103.16
gain	2	55	-103.73
gain	55	2	-103.73
gain	2	56	-100.65
gain	56	2	-100.65
gain	2	57	-103.76
gain	57	2	-103.76
gain	2	58	-105.21
gain	58	2	-105.21
gain	2	59	-106.25
gain	59	2	-106.25
gain	2	60	-108.50
gain	60	2	-108.50
gain	2	61	-115.30
gain	61	2	-115.30
gain	2	62	-118.67
gain	62	2	-118.67
gain	2	63	-118.72
gain	63	2	-118.72
gain	2	64	-120.76
gain	64	2	-120.76
gain	2	65	-123.52
gain	65	2	-123.52
gain	2	66	-122.81
gain	66	2	-122.81
gain	2	67	-134.85
gain	67	2	-134.85
gain	2	68	-130.99
gain	68	2	-130.99
gain	2	69	-132.59
gain	69	2	-132.59
gain	2	70	-130.04
gain	70	2	-130.04
gain	2	71	-128.12
gain	71	2	-128.12
gain	2	72	-108.74
gain	72	2	-108.74
gain	2	73	-107.08
gain	73	2	-107.08
gain	2	74	-109.98
gain	74	2	-109.98
gain	2	75	-110.89
gain	75	2	-110.89
gain	2	76	-103.68
gain	76	2	-103.68
gain	2	77	-112.17
gain	77	2	-112.17
gain	2	78	-106.95
gain	78	2	-106.95
gain	2	79	-113.45
gain	79	2	-113.45
gain	2	80	-110.22
gain	80	2	-110.22
gain	2	81	-128.38
gain	81	2	-128.38
gain	2	82	-120.77
gain	82	2	-120.77
gain	2	83	-122.44
gain	83	2	-122.44
gain	2	84	-127.11
gain	84	2	-127.11
gain	2	85	-127.56
gain	85	2	-127.56
gain	2	86	-136.15
gain	86	2	-136.15
gain	2	87	-126.69
gain	87	2	-126.69
gain	2	88	-129.97
gain	88	2	-129.97
gain	2	89	-133.07
gain	89	2	-133.07
gain	2	90	-115.57
gain	90	2	-115.57
gain	2	91	-108.87
gain	91	2	-108.87
gain	2	92	-113.29
gain	92	2	-113.29
gain	2	93	-114.21
gain	93	2	-114.21
gain	2	94	-105.70
gain	94	2	-105.70
gain	2	95	-114.23
gain	95	2	-114.23
gain	2	96	-109.89
gain	96	2	-109.89
gain	2	97	-115.55
gain	97	2	-115.55
gain	2	98	-124.60
gain	98	2	-124.60
gain	2	99	-123.38
gain	99	2	-123.38
gain	2	100	-125.56
gain	100	2	-125.56
gain	2	101	-129.23
gain	101	2	-129.23
gain	2	102	-126.01
gain	102	2	-126.01
gain	2	103	-127.51
gain	103	2	-127.51
gain	2	104	-129.50
gain	104	2	-129.50
gain	2	105	-133.99
gain	105	2	-133.99
gain	2	106	-132.29
gain	106	2	-132.29
gain	2	107	-131.28
gain	107	2	-131.28
gain	2	108	-116.97
gain	108	2	-116.97
gain	2	109	-108.38
gain	109	2	-108.38
gain	2	110	-113.02
gain	110	2	-113.02
gain	2	111	-115.59
gain	111	2	-115.59
gain	2	112	-113.52
gain	112	2	-113.52
gain	2	113	-118.76
gain	113	2	-118.76
gain	2	114	-120.52
gain	114	2	-120.52
gain	2	115	-116.10
gain	115	2	-116.10
gain	2	116	-125.18
gain	116	2	-125.18
gain	2	117	-117.21
gain	117	2	-117.21
gain	2	118	-115.98
gain	118	2	-115.98
gain	2	119	-122.63
gain	119	2	-122.63
gain	2	120	-124.89
gain	120	2	-124.89
gain	2	121	-129.92
gain	121	2	-129.92
gain	2	122	-130.31
gain	122	2	-130.31
gain	2	123	-126.41
gain	123	2	-126.41
gain	2	124	-130.32
gain	124	2	-130.32
gain	2	125	-137.61
gain	125	2	-137.61
gain	2	126	-119.10
gain	126	2	-119.10
gain	2	127	-114.33
gain	127	2	-114.33
gain	2	128	-114.99
gain	128	2	-114.99
gain	2	129	-118.62
gain	129	2	-118.62
gain	2	130	-118.00
gain	130	2	-118.00
gain	2	131	-121.86
gain	131	2	-121.86
gain	2	132	-123.00
gain	132	2	-123.00
gain	2	133	-119.16
gain	133	2	-119.16
gain	2	134	-127.07
gain	134	2	-127.07
gain	2	135	-125.55
gain	135	2	-125.55
gain	2	136	-127.64
gain	136	2	-127.64
gain	2	137	-134.80
gain	137	2	-134.80
gain	2	138	-130.55
gain	138	2	-130.55
gain	2	139	-130.69
gain	139	2	-130.69
gain	2	140	-133.89
gain	140	2	-133.89
gain	2	141	-134.01
gain	141	2	-134.01
gain	2	142	-132.14
gain	142	2	-132.14
gain	2	143	-133.96
gain	143	2	-133.96
gain	2	144	-122.73
gain	144	2	-122.73
gain	2	145	-116.97
gain	145	2	-116.97
gain	2	146	-119.39
gain	146	2	-119.39
gain	2	147	-122.12
gain	147	2	-122.12
gain	2	148	-119.15
gain	148	2	-119.15
gain	2	149	-121.90
gain	149	2	-121.90
gain	2	150	-119.98
gain	150	2	-119.98
gain	2	151	-125.50
gain	151	2	-125.50
gain	2	152	-123.62
gain	152	2	-123.62
gain	2	153	-123.75
gain	153	2	-123.75
gain	2	154	-131.55
gain	154	2	-131.55
gain	2	155	-126.08
gain	155	2	-126.08
gain	2	156	-123.22
gain	156	2	-123.22
gain	2	157	-131.43
gain	157	2	-131.43
gain	2	158	-140.46
gain	158	2	-140.46
gain	2	159	-131.54
gain	159	2	-131.54
gain	2	160	-134.84
gain	160	2	-134.84
gain	2	161	-130.69
gain	161	2	-130.69
gain	2	162	-124.47
gain	162	2	-124.47
gain	2	163	-117.55
gain	163	2	-117.55
gain	2	164	-122.49
gain	164	2	-122.49
gain	2	165	-122.13
gain	165	2	-122.13
gain	2	166	-123.45
gain	166	2	-123.45
gain	2	167	-128.09
gain	167	2	-128.09
gain	2	168	-127.30
gain	168	2	-127.30
gain	2	169	-118.65
gain	169	2	-118.65
gain	2	170	-124.52
gain	170	2	-124.52
gain	2	171	-128.79
gain	171	2	-128.79
gain	2	172	-129.08
gain	172	2	-129.08
gain	2	173	-123.63
gain	173	2	-123.63
gain	2	174	-135.45
gain	174	2	-135.45
gain	2	175	-133.45
gain	175	2	-133.45
gain	2	176	-130.20
gain	176	2	-130.20
gain	2	177	-129.94
gain	177	2	-129.94
gain	2	178	-130.60
gain	178	2	-130.60
gain	2	179	-132.23
gain	179	2	-132.23
gain	2	180	-129.12
gain	180	2	-129.12
gain	2	181	-128.02
gain	181	2	-128.02
gain	2	182	-124.46
gain	182	2	-124.46
gain	2	183	-120.07
gain	183	2	-120.07
gain	2	184	-130.86
gain	184	2	-130.86
gain	2	185	-122.85
gain	185	2	-122.85
gain	2	186	-130.42
gain	186	2	-130.42
gain	2	187	-133.00
gain	187	2	-133.00
gain	2	188	-123.60
gain	188	2	-123.60
gain	2	189	-131.74
gain	189	2	-131.74
gain	2	190	-125.81
gain	190	2	-125.81
gain	2	191	-131.24
gain	191	2	-131.24
gain	2	192	-128.18
gain	192	2	-128.18
gain	2	193	-128.98
gain	193	2	-128.98
gain	2	194	-132.58
gain	194	2	-132.58
gain	2	195	-137.24
gain	195	2	-137.24
gain	2	196	-138.79
gain	196	2	-138.79
gain	2	197	-131.19
gain	197	2	-131.19
gain	2	198	-121.29
gain	198	2	-121.29
gain	2	199	-128.66
gain	199	2	-128.66
gain	2	200	-129.31
gain	200	2	-129.31
gain	2	201	-125.69
gain	201	2	-125.69
gain	2	202	-127.75
gain	202	2	-127.75
gain	2	203	-130.36
gain	203	2	-130.36
gain	2	204	-128.00
gain	204	2	-128.00
gain	2	205	-129.28
gain	205	2	-129.28
gain	2	206	-133.76
gain	206	2	-133.76
gain	2	207	-132.40
gain	207	2	-132.40
gain	2	208	-132.61
gain	208	2	-132.61
gain	2	209	-132.66
gain	209	2	-132.66
gain	2	210	-131.63
gain	210	2	-131.63
gain	2	211	-133.71
gain	211	2	-133.71
gain	2	212	-138.93
gain	212	2	-138.93
gain	2	213	-135.43
gain	213	2	-135.43
gain	2	214	-137.11
gain	214	2	-137.11
gain	2	215	-138.06
gain	215	2	-138.06
gain	2	216	-128.39
gain	216	2	-128.39
gain	2	217	-129.00
gain	217	2	-129.00
gain	2	218	-133.23
gain	218	2	-133.23
gain	2	219	-130.34
gain	219	2	-130.34
gain	2	220	-128.68
gain	220	2	-128.68
gain	2	221	-135.29
gain	221	2	-135.29
gain	2	222	-132.44
gain	222	2	-132.44
gain	2	223	-129.14
gain	223	2	-129.14
gain	2	224	-133.02
gain	224	2	-133.02
gain	2	225	-130.53
gain	225	2	-130.53
gain	2	226	-132.38
gain	226	2	-132.38
gain	2	227	-136.44
gain	227	2	-136.44
gain	2	228	-132.76
gain	228	2	-132.76
gain	2	229	-139.89
gain	229	2	-139.89
gain	2	230	-136.80
gain	230	2	-136.80
gain	2	231	-137.77
gain	231	2	-137.77
gain	2	232	-136.59
gain	232	2	-136.59
gain	2	233	-140.79
gain	233	2	-140.79
gain	2	234	-129.70
gain	234	2	-129.70
gain	2	235	-131.95
gain	235	2	-131.95
gain	2	236	-130.43
gain	236	2	-130.43
gain	2	237	-136.33
gain	237	2	-136.33
gain	2	238	-126.36
gain	238	2	-126.36
gain	2	239	-130.37
gain	239	2	-130.37
gain	2	240	-130.58
gain	240	2	-130.58
gain	2	241	-130.71
gain	241	2	-130.71
gain	2	242	-129.81
gain	242	2	-129.81
gain	2	243	-138.15
gain	243	2	-138.15
gain	2	244	-136.72
gain	244	2	-136.72
gain	2	245	-139.51
gain	245	2	-139.51
gain	2	246	-136.22
gain	246	2	-136.22
gain	2	247	-141.92
gain	247	2	-141.92
gain	2	248	-137.76
gain	248	2	-137.76
gain	2	249	-136.33
gain	249	2	-136.33
gain	2	250	-137.40
gain	250	2	-137.40
gain	2	251	-140.73
gain	251	2	-140.73
gain	2	252	-132.58
gain	252	2	-132.58
gain	2	253	-132.54
gain	253	2	-132.54
gain	2	254	-128.94
gain	254	2	-128.94
gain	2	255	-133.89
gain	255	2	-133.89
gain	2	256	-132.12
gain	256	2	-132.12
gain	2	257	-134.34
gain	257	2	-134.34
gain	2	258	-128.09
gain	258	2	-128.09
gain	2	259	-132.69
gain	259	2	-132.69
gain	2	260	-133.46
gain	260	2	-133.46
gain	2	261	-135.65
gain	261	2	-135.65
gain	2	262	-133.46
gain	262	2	-133.46
gain	2	263	-134.98
gain	263	2	-134.98
gain	2	264	-140.39
gain	264	2	-140.39
gain	2	265	-131.98
gain	265	2	-131.98
gain	2	266	-138.25
gain	266	2	-138.25
gain	2	267	-135.09
gain	267	2	-135.09
gain	2	268	-135.05
gain	268	2	-135.05
gain	2	269	-138.09
gain	269	2	-138.09
gain	2	270	-134.68
gain	270	2	-134.68
gain	2	271	-128.08
gain	271	2	-128.08
gain	2	272	-129.67
gain	272	2	-129.67
gain	2	273	-131.69
gain	273	2	-131.69
gain	2	274	-129.92
gain	274	2	-129.92
gain	2	275	-137.53
gain	275	2	-137.53
gain	2	276	-137.35
gain	276	2	-137.35
gain	2	277	-135.56
gain	277	2	-135.56
gain	2	278	-129.07
gain	278	2	-129.07
gain	2	279	-132.49
gain	279	2	-132.49
gain	2	280	-132.48
gain	280	2	-132.48
gain	2	281	-134.95
gain	281	2	-134.95
gain	2	282	-134.73
gain	282	2	-134.73
gain	2	283	-134.79
gain	283	2	-134.79
gain	2	284	-143.57
gain	284	2	-143.57
gain	2	285	-137.92
gain	285	2	-137.92
gain	2	286	-139.80
gain	286	2	-139.80
gain	2	287	-143.26
gain	287	2	-143.26
gain	2	288	-138.51
gain	288	2	-138.51
gain	2	289	-141.31
gain	289	2	-141.31
gain	2	290	-133.48
gain	290	2	-133.48
gain	2	291	-141.88
gain	291	2	-141.88
gain	2	292	-136.29
gain	292	2	-136.29
gain	2	293	-136.79
gain	293	2	-136.79
gain	2	294	-129.26
gain	294	2	-129.26
gain	2	295	-131.95
gain	295	2	-131.95
gain	2	296	-138.67
gain	296	2	-138.67
gain	2	297	-135.66
gain	297	2	-135.66
gain	2	298	-137.85
gain	298	2	-137.85
gain	2	299	-138.20
gain	299	2	-138.20
gain	2	300	-141.33
gain	300	2	-141.33
gain	2	301	-142.43
gain	301	2	-142.43
gain	2	302	-140.82
gain	302	2	-140.82
gain	2	303	-138.18
gain	303	2	-138.18
gain	2	304	-133.59
gain	304	2	-133.59
gain	2	305	-146.19
gain	305	2	-146.19
gain	2	306	-132.77
gain	306	2	-132.77
gain	2	307	-139.30
gain	307	2	-139.30
gain	2	308	-134.34
gain	308	2	-134.34
gain	2	309	-139.62
gain	309	2	-139.62
gain	2	310	-135.32
gain	310	2	-135.32
gain	2	311	-135.30
gain	311	2	-135.30
gain	2	312	-134.64
gain	312	2	-134.64
gain	2	313	-138.72
gain	313	2	-138.72
gain	2	314	-138.47
gain	314	2	-138.47
gain	2	315	-138.60
gain	315	2	-138.60
gain	2	316	-138.10
gain	316	2	-138.10
gain	2	317	-139.94
gain	317	2	-139.94
gain	2	318	-138.51
gain	318	2	-138.51
gain	2	319	-143.00
gain	319	2	-143.00
gain	2	320	-136.58
gain	320	2	-136.58
gain	2	321	-147.38
gain	321	2	-147.38
gain	2	322	-144.66
gain	322	2	-144.66
gain	2	323	-145.59
gain	323	2	-145.59
gain	3	4	-69.70
gain	4	3	-69.70
gain	3	5	-92.95
gain	5	3	-92.95
gain	3	6	-100.26
gain	6	3	-100.26
gain	3	7	-108.63
gain	7	3	-108.63
gain	3	8	-107.63
gain	8	3	-107.63
gain	3	9	-110.72
gain	9	3	-110.72
gain	3	10	-119.13
gain	10	3	-119.13
gain	3	11	-119.22
gain	11	3	-119.22
gain	3	12	-124.85
gain	12	3	-124.85
gain	3	13	-126.27
gain	13	3	-126.27
gain	3	14	-129.59
gain	14	3	-129.59
gain	3	15	-127.76
gain	15	3	-127.76
gain	3	16	-127.20
gain	16	3	-127.20
gain	3	17	-132.93
gain	17	3	-132.93
gain	3	18	-96.88
gain	18	3	-96.88
gain	3	19	-92.33
gain	19	3	-92.33
gain	3	20	-81.69
gain	20	3	-81.69
gain	3	21	-80.07
gain	21	3	-80.07
gain	3	22	-86.07
gain	22	3	-86.07
gain	3	23	-93.05
gain	23	3	-93.05
gain	3	24	-98.81
gain	24	3	-98.81
gain	3	25	-110.86
gain	25	3	-110.86
gain	3	26	-107.93
gain	26	3	-107.93
gain	3	27	-114.42
gain	27	3	-114.42
gain	3	28	-117.94
gain	28	3	-117.94
gain	3	29	-120.43
gain	29	3	-120.43
gain	3	30	-119.39
gain	30	3	-119.39
gain	3	31	-121.24
gain	31	3	-121.24
gain	3	32	-123.86
gain	32	3	-123.86
gain	3	33	-125.65
gain	33	3	-125.65
gain	3	34	-132.83
gain	34	3	-132.83
gain	3	35	-132.34
gain	35	3	-132.34
gain	3	36	-101.18
gain	36	3	-101.18
gain	3	37	-100.16
gain	37	3	-100.16
gain	3	38	-102.53
gain	38	3	-102.53
gain	3	39	-85.45
gain	39	3	-85.45
gain	3	40	-96.07
gain	40	3	-96.07
gain	3	41	-97.05
gain	41	3	-97.05
gain	3	42	-103.43
gain	42	3	-103.43
gain	3	43	-107.01
gain	43	3	-107.01
gain	3	44	-108.60
gain	44	3	-108.60
gain	3	45	-112.78
gain	45	3	-112.78
gain	3	46	-121.18
gain	46	3	-121.18
gain	3	47	-116.93
gain	47	3	-116.93
gain	3	48	-116.75
gain	48	3	-116.75
gain	3	49	-130.76
gain	49	3	-130.76
gain	3	50	-120.64
gain	50	3	-120.64
gain	3	51	-128.14
gain	51	3	-128.14
gain	3	52	-133.35
gain	52	3	-133.35
gain	3	53	-135.94
gain	53	3	-135.94
gain	3	54	-105.45
gain	54	3	-105.45
gain	3	55	-99.65
gain	55	3	-99.65
gain	3	56	-98.78
gain	56	3	-98.78
gain	3	57	-102.42
gain	57	3	-102.42
gain	3	58	-104.81
gain	58	3	-104.81
gain	3	59	-103.29
gain	59	3	-103.29
gain	3	60	-114.77
gain	60	3	-114.77
gain	3	61	-113.65
gain	61	3	-113.65
gain	3	62	-116.24
gain	62	3	-116.24
gain	3	63	-120.03
gain	63	3	-120.03
gain	3	64	-114.60
gain	64	3	-114.60
gain	3	65	-120.62
gain	65	3	-120.62
gain	3	66	-123.71
gain	66	3	-123.71
gain	3	67	-125.18
gain	67	3	-125.18
gain	3	68	-129.20
gain	68	3	-129.20
gain	3	69	-124.99
gain	69	3	-124.99
gain	3	70	-128.28
gain	70	3	-128.28
gain	3	71	-130.89
gain	71	3	-130.89
gain	3	72	-106.08
gain	72	3	-106.08
gain	3	73	-110.72
gain	73	3	-110.72
gain	3	74	-111.55
gain	74	3	-111.55
gain	3	75	-108.21
gain	75	3	-108.21
gain	3	76	-108.99
gain	76	3	-108.99
gain	3	77	-110.69
gain	77	3	-110.69
gain	3	78	-110.37
gain	78	3	-110.37
gain	3	79	-116.99
gain	79	3	-116.99
gain	3	80	-119.71
gain	80	3	-119.71
gain	3	81	-122.57
gain	81	3	-122.57
gain	3	82	-120.58
gain	82	3	-120.58
gain	3	83	-118.11
gain	83	3	-118.11
gain	3	84	-120.10
gain	84	3	-120.10
gain	3	85	-127.55
gain	85	3	-127.55
gain	3	86	-128.55
gain	86	3	-128.55
gain	3	87	-133.67
gain	87	3	-133.67
gain	3	88	-130.37
gain	88	3	-130.37
gain	3	89	-134.18
gain	89	3	-134.18
gain	3	90	-113.71
gain	90	3	-113.71
gain	3	91	-105.17
gain	91	3	-105.17
gain	3	92	-109.70
gain	92	3	-109.70
gain	3	93	-110.59
gain	93	3	-110.59
gain	3	94	-110.61
gain	94	3	-110.61
gain	3	95	-111.14
gain	95	3	-111.14
gain	3	96	-111.86
gain	96	3	-111.86
gain	3	97	-118.54
gain	97	3	-118.54
gain	3	98	-118.72
gain	98	3	-118.72
gain	3	99	-121.98
gain	99	3	-121.98
gain	3	100	-117.41
gain	100	3	-117.41
gain	3	101	-120.22
gain	101	3	-120.22
gain	3	102	-116.54
gain	102	3	-116.54
gain	3	103	-129.90
gain	103	3	-129.90
gain	3	104	-130.14
gain	104	3	-130.14
gain	3	105	-127.02
gain	105	3	-127.02
gain	3	106	-128.02
gain	106	3	-128.02
gain	3	107	-136.06
gain	107	3	-136.06
gain	3	108	-116.14
gain	108	3	-116.14
gain	3	109	-116.23
gain	109	3	-116.23
gain	3	110	-115.63
gain	110	3	-115.63
gain	3	111	-110.91
gain	111	3	-110.91
gain	3	112	-114.41
gain	112	3	-114.41
gain	3	113	-114.88
gain	113	3	-114.88
gain	3	114	-114.81
gain	114	3	-114.81
