gain	0	1	-83.71
gain	1	0	-83.71
gain	0	2	-100.74
gain	2	0	-100.74
gain	0	3	-103.96
gain	3	0	-103.96
gain	0	4	-117.14
gain	4	0	-117.14
gain	0	5	-117.26
gain	5	0	-117.26
gain	0	6	-124.84
gain	6	0	-124.84
gain	0	7	-126.49
gain	7	0	-126.49
gain	0	8	-127.10
gain	8	0	-127.10
gain	0	9	-87.05
gain	9	0	-87.05
gain	0	10	-90.02
gain	10	0	-90.02
gain	0	11	-99.88
gain	11	0	-99.88
gain	0	12	-105.04
gain	12	0	-105.04
gain	0	13	-114.94
gain	13	0	-114.94
gain	0	14	-119.15
gain	14	0	-119.15
gain	0	15	-119.43
gain	15	0	-119.43
gain	0	16	-130.72
gain	16	0	-130.72
gain	0	17	-127.05
gain	17	0	-127.05
gain	0	18	-102.44
gain	18	0	-102.44
gain	0	19	-104.81
gain	19	0	-104.81
gain	0	20	-109.62
gain	20	0	-109.62
gain	0	21	-113.43
gain	21	0	-113.43
gain	0	22	-117.87
gain	22	0	-117.87
gain	0	23	-116.62
gain	23	0	-116.62
gain	0	24	-124.81
gain	24	0	-124.81
gain	0	25	-136.09
gain	25	0	-136.09
gain	0	26	-133.03
gain	26	0	-133.03
gain	0	27	-107.51
gain	27	0	-107.51
gain	0	28	-107.87
gain	28	0	-107.87
gain	0	29	-111.27
gain	29	0	-111.27
gain	0	30	-117.97
gain	30	0	-117.97
gain	0	31	-119.42
gain	31	0	-119.42
gain	0	32	-120.45
gain	32	0	-120.45
gain	0	33	-130.13
gain	33	0	-130.13
gain	0	34	-122.11
gain	34	0	-122.11
gain	0	35	-133.06
gain	35	0	-133.06
gain	0	36	-117.06
gain	36	0	-117.06
gain	0	37	-118.24
gain	37	0	-118.24
gain	0	38	-115.03
gain	38	0	-115.03
gain	0	39	-123.35
gain	39	0	-123.35
gain	0	40	-123.31
gain	40	0	-123.31
gain	0	41	-123.06
gain	41	0	-123.06
gain	0	42	-123.47
gain	42	0	-123.47
gain	0	43	-135.83
gain	43	0	-135.83
gain	0	44	-125.53
gain	44	0	-125.53
gain	0	45	-120.00
gain	45	0	-120.00
gain	0	46	-118.15
gain	46	0	-118.15
gain	0	47	-123.70
gain	47	0	-123.70
gain	0	48	-120.40
gain	48	0	-120.40
gain	0	49	-122.40
gain	49	0	-122.40
gain	0	50	-123.64
gain	50	0	-123.64
gain	0	51	-128.34
gain	51	0	-128.34
gain	0	52	-128.10
gain	52	0	-128.10
gain	0	53	-128.86
gain	53	0	-128.86
gain	0	54	-117.02
gain	54	0	-117.02
gain	0	55	-125.06
gain	55	0	-125.06
gain	0	56	-122.07
gain	56	0	-122.07
gain	0	57	-124.97
gain	57	0	-124.97
gain	0	58	-128.05
gain	58	0	-128.05
gain	0	59	-130.16
gain	59	0	-130.16
gain	0	60	-126.08
gain	60	0	-126.08
gain	0	61	-126.99
gain	61	0	-126.99
gain	0	62	-127.36
gain	62	0	-127.36
gain	0	63	-126.72
gain	63	0	-126.72
gain	0	64	-124.79
gain	64	0	-124.79
gain	0	65	-134.36
gain	65	0	-134.36
gain	0	66	-130.65
gain	66	0	-130.65
gain	0	67	-135.31
gain	67	0	-135.31
gain	0	68	-128.04
gain	68	0	-128.04
gain	0	69	-126.09
gain	69	0	-126.09
gain	0	70	-133.24
gain	70	0	-133.24
gain	0	71	-138.00
gain	71	0	-138.00
gain	0	72	-127.17
gain	72	0	-127.17
gain	0	73	-132.93
gain	73	0	-132.93
gain	0	74	-126.08
gain	74	0	-126.08
gain	0	75	-130.72
gain	75	0	-130.72
gain	0	76	-125.55
gain	76	0	-125.55
gain	0	77	-129.69
gain	77	0	-129.69
gain	0	78	-129.87
gain	78	0	-129.87
gain	0	79	-133.46
gain	79	0	-133.46
gain	0	80	-133.27
gain	80	0	-133.27
gain	1	2	-89.24
gain	2	1	-89.24
gain	1	3	-97.18
gain	3	1	-97.18
gain	1	4	-111.30
gain	4	1	-111.30
gain	1	5	-112.60
gain	5	1	-112.60
gain	1	6	-120.18
gain	6	1	-120.18
gain	1	7	-124.63
gain	7	1	-124.63
gain	1	8	-127.22
gain	8	1	-127.22
gain	1	9	-90.77
gain	9	1	-90.77
gain	1	10	-84.48
gain	10	1	-84.48
gain	1	11	-95.19
gain	11	1	-95.19
gain	1	12	-101.97
gain	12	1	-101.97
gain	1	13	-106.64
gain	13	1	-106.64
gain	1	14	-120.33
gain	14	1	-120.33
gain	1	15	-115.86
gain	15	1	-115.86
gain	1	16	-124.29
gain	16	1	-124.29
gain	1	17	-129.92
gain	17	1	-129.92
gain	1	18	-103.01
gain	18	1	-103.01
gain	1	19	-95.15
gain	19	1	-95.15
gain	1	20	-102.98
gain	20	1	-102.98
gain	1	21	-102.95
gain	21	1	-102.95
gain	1	22	-114.91
gain	22	1	-114.91
gain	1	23	-117.18
gain	23	1	-117.18
gain	1	24	-122.14
gain	24	1	-122.14
gain	1	25	-122.24
gain	25	1	-122.24
gain	1	26	-123.26
gain	26	1	-123.26
gain	1	27	-103.13
gain	27	1	-103.13
gain	1	28	-110.39
gain	28	1	-110.39
gain	1	29	-108.39
gain	29	1	-108.39
gain	1	30	-110.66
gain	30	1	-110.66
gain	1	31	-111.35
gain	31	1	-111.35
gain	1	32	-118.64
gain	32	1	-118.64
gain	1	33	-120.54
gain	33	1	-120.54
gain	1	34	-122.12
gain	34	1	-122.12
gain	1	35	-124.70
gain	35	1	-124.70
gain	1	36	-115.92
gain	36	1	-115.92
gain	1	37	-117.91
gain	37	1	-117.91
gain	1	38	-115.10
gain	38	1	-115.10
gain	1	39	-118.43
gain	39	1	-118.43
gain	1	40	-122.55
gain	40	1	-122.55
gain	1	41	-123.24
gain	41	1	-123.24
gain	1	42	-122.66
gain	42	1	-122.66
gain	1	43	-126.12
gain	43	1	-126.12
gain	1	44	-130.89
gain	44	1	-130.89
gain	1	45	-119.71
gain	45	1	-119.71
gain	1	46	-122.80
gain	46	1	-122.80
gain	1	47	-119.65
gain	47	1	-119.65
gain	1	48	-122.23
gain	48	1	-122.23
gain	1	49	-120.82
gain	49	1	-120.82
gain	1	50	-127.86
gain	50	1	-127.86
gain	1	51	-133.71
gain	51	1	-133.71
gain	1	52	-124.72
gain	52	1	-124.72
gain	1	53	-128.28
gain	53	1	-128.28
gain	1	54	-125.17
gain	54	1	-125.17
gain	1	55	-121.08
gain	55	1	-121.08
gain	1	56	-121.39
gain	56	1	-121.39
gain	1	57	-121.74
gain	57	1	-121.74
gain	1	58	-125.12
gain	58	1	-125.12
gain	1	59	-126.09
gain	59	1	-126.09
gain	1	60	-128.40
gain	60	1	-128.40
gain	1	61	-131.10
gain	61	1	-131.10
gain	1	62	-124.16
gain	62	1	-124.16
gain	1	63	-129.20
gain	63	1	-129.20
gain	1	64	-122.63
gain	64	1	-122.63
gain	1	65	-128.47
gain	65	1	-128.47
gain	1	66	-126.56
gain	66	1	-126.56
gain	1	67	-131.67
gain	67	1	-131.67
gain	1	68	-129.38
gain	68	1	-129.38
gain	1	69	-130.77
gain	69	1	-130.77
gain	1	70	-130.94
gain	70	1	-130.94
gain	1	71	-135.40
gain	71	1	-135.40
gain	1	72	-127.37
gain	72	1	-127.37
gain	1	73	-125.19
gain	73	1	-125.19
gain	1	74	-128.98
gain	74	1	-128.98
gain	1	75	-128.91
gain	75	1	-128.91
gain	1	76	-128.95
gain	76	1	-128.95
gain	1	77	-127.26
gain	77	1	-127.26
gain	1	78	-136.01
gain	78	1	-136.01
gain	1	79	-140.07
gain	79	1	-140.07
gain	1	80	-132.12
gain	80	1	-132.12
gain	2	3	-80.28
gain	3	2	-80.28
gain	2	4	-102.13
gain	4	2	-102.13
gain	2	5	-116.68
gain	5	2	-116.68
gain	2	6	-111.68
gain	6	2	-111.68
gain	2	7	-120.06
gain	7	2	-120.06
gain	2	8	-122.77
gain	8	2	-122.77
gain	2	9	-103.56
gain	9	2	-103.56
gain	2	10	-94.34
gain	10	2	-94.34
gain	2	11	-90.77
gain	11	2	-90.77
gain	2	12	-93.35
gain	12	2	-93.35
gain	2	13	-103.93
gain	13	2	-103.93
gain	2	14	-107.59
gain	14	2	-107.59
gain	2	15	-114.67
gain	15	2	-114.67
gain	2	16	-112.95
gain	16	2	-112.95
gain	2	17	-124.73
gain	17	2	-124.73
gain	2	18	-106.85
gain	18	2	-106.85
gain	2	19	-106.15
gain	19	2	-106.15
gain	2	20	-101.03
gain	20	2	-101.03
gain	2	21	-99.03
gain	21	2	-99.03
gain	2	22	-107.94
gain	22	2	-107.94
gain	2	23	-109.33
gain	23	2	-109.33
gain	2	24	-116.31
gain	24	2	-116.31
gain	2	25	-121.19
gain	25	2	-121.19
gain	2	26	-126.04
gain	26	2	-126.04
gain	2	27	-109.99
gain	27	2	-109.99
gain	2	28	-110.21
gain	28	2	-110.21
gain	2	29	-109.92
gain	29	2	-109.92
gain	2	30	-111.36
gain	30	2	-111.36
gain	2	31	-113.32
gain	31	2	-113.32
gain	2	32	-124.02
gain	32	2	-124.02
gain	2	33	-122.90
gain	33	2	-122.90
gain	2	34	-123.05
gain	34	2	-123.05
gain	2	35	-121.23
gain	35	2	-121.23
gain	2	36	-115.22
gain	36	2	-115.22
gain	2	37	-116.24
gain	37	2	-116.24
gain	2	38	-109.93
gain	38	2	-109.93
gain	2	39	-117.07
gain	39	2	-117.07
gain	2	40	-112.67
gain	40	2	-112.67
gain	2	41	-116.34
gain	41	2	-116.34
gain	2	42	-125.91
gain	42	2	-125.91
gain	2	43	-126.87
gain	43	2	-126.87
gain	2	44	-129.22
gain	44	2	-129.22
gain	2	45	-120.22
gain	45	2	-120.22
gain	2	46	-119.47
gain	46	2	-119.47
gain	2	47	-120.28
gain	47	2	-120.28
gain	2	48	-110.22
gain	48	2	-110.22
gain	2	49	-123.70
gain	49	2	-123.70
gain	2	50	-126.38
gain	50	2	-126.38
gain	2	51	-122.17
gain	51	2	-122.17
gain	2	52	-129.45
gain	52	2	-129.45
gain	2	53	-130.18
gain	53	2	-130.18
gain	2	54	-120.29
gain	54	2	-120.29
gain	2	55	-124.05
gain	55	2	-124.05
gain	2	56	-125.29
gain	56	2	-125.29
gain	2	57	-124.86
gain	57	2	-124.86
gain	2	58	-126.23
gain	58	2	-126.23
gain	2	59	-121.58
gain	59	2	-121.58
gain	2	60	-126.93
gain	60	2	-126.93
gain	2	61	-132.69
gain	61	2	-132.69
gain	2	62	-127.14
gain	62	2	-127.14
gain	2	63	-124.44
gain	63	2	-124.44
gain	2	64	-122.53
gain	64	2	-122.53
gain	2	65	-131.31
gain	65	2	-131.31
gain	2	66	-128.60
gain	66	2	-128.60
gain	2	67	-127.45
gain	67	2	-127.45
gain	2	68	-128.80
gain	68	2	-128.80
gain	2	69	-134.58
gain	69	2	-134.58
gain	2	70	-129.17
gain	70	2	-129.17
gain	2	71	-130.29
gain	71	2	-130.29
gain	2	72	-129.85
gain	72	2	-129.85
gain	2	73	-118.50
gain	73	2	-118.50
gain	2	74	-130.00
gain	74	2	-130.00
gain	2	75	-129.24
gain	75	2	-129.24
gain	2	76	-134.36
gain	76	2	-134.36
gain	2	77	-130.28
gain	77	2	-130.28
gain	2	78	-129.84
gain	78	2	-129.84
gain	2	79	-132.41
gain	79	2	-132.41
gain	2	80	-131.90
gain	80	2	-131.90
gain	3	4	-87.11
gain	4	3	-87.11
gain	3	5	-96.74
gain	5	3	-96.74
gain	3	6	-104.48
gain	6	3	-104.48
gain	3	7	-114.73
gain	7	3	-114.73
gain	3	8	-114.75
gain	8	3	-114.75
gain	3	9	-107.29
gain	9	3	-107.29
gain	3	10	-93.37
gain	10	3	-93.37
gain	3	11	-92.72
gain	11	3	-92.72
gain	3	12	-86.11
gain	12	3	-86.11
gain	3	13	-94.93
gain	13	3	-94.93
gain	3	14	-103.37
gain	14	3	-103.37
gain	3	15	-111.81
gain	15	3	-111.81
gain	3	16	-115.97
gain	16	3	-115.97
gain	3	17	-120.53
gain	17	3	-120.53
gain	3	18	-114.84
gain	18	3	-114.84
gain	3	19	-100.25
gain	19	3	-100.25
gain	3	20	-107.72
gain	20	3	-107.72
gain	3	21	-94.10
gain	21	3	-94.10
gain	3	22	-100.43
gain	22	3	-100.43
gain	3	23	-103.88
gain	23	3	-103.88
gain	3	24	-109.69
gain	24	3	-109.69
gain	3	25	-118.92
gain	25	3	-118.92
gain	3	26	-117.43
gain	26	3	-117.43
gain	3	27	-119.37
gain	27	3	-119.37
gain	3	28	-106.49
gain	28	3	-106.49
gain	3	29	-105.11
gain	29	3	-105.11
gain	3	30	-108.86
gain	30	3	-108.86
gain	3	31	-109.81
gain	31	3	-109.81
gain	3	32	-115.11
gain	32	3	-115.11
gain	3	33	-119.99
gain	33	3	-119.99
gain	3	34	-125.33
gain	34	3	-125.33
gain	3	35	-123.38
gain	35	3	-123.38
gain	3	36	-114.35
gain	36	3	-114.35
gain	3	37	-116.61
gain	37	3	-116.61
gain	3	38	-120.75
gain	38	3	-120.75
gain	3	39	-117.48
gain	39	3	-117.48
gain	3	40	-117.66
gain	40	3	-117.66
gain	3	41	-112.32
gain	41	3	-112.32
gain	3	42	-119.69
gain	42	3	-119.69
gain	3	43	-118.02
gain	43	3	-118.02
gain	3	44	-121.75
gain	44	3	-121.75
gain	3	45	-118.85
gain	45	3	-118.85
gain	3	46	-121.48
gain	46	3	-121.48
gain	3	47	-119.93
gain	47	3	-119.93
gain	3	48	-120.35
gain	48	3	-120.35
gain	3	49	-120.62
gain	49	3	-120.62
gain	3	50	-121.44
gain	50	3	-121.44
gain	3	51	-128.43
gain	51	3	-128.43
gain	3	52	-119.98
gain	52	3	-119.98
gain	3	53	-126.93
gain	53	3	-126.93
gain	3	54	-127.43
gain	54	3	-127.43
gain	3	55	-123.50
gain	55	3	-123.50
gain	3	56	-121.93
gain	56	3	-121.93
gain	3	57	-122.30
gain	57	3	-122.30
gain	3	58	-123.80
gain	58	3	-123.80
gain	3	59	-118.74
gain	59	3	-118.74
gain	3	60	-122.73
gain	60	3	-122.73
gain	3	61	-130.60
gain	61	3	-130.60
gain	3	62	-126.66
gain	62	3	-126.66
gain	3	63	-126.27
gain	63	3	-126.27
gain	3	64	-126.87
gain	64	3	-126.87
gain	3	65	-124.22
gain	65	3	-124.22
gain	3	66	-121.62
gain	66	3	-121.62
gain	3	67	-123.63
gain	67	3	-123.63
gain	3	68	-129.93
gain	68	3	-129.93
gain	3	69	-126.35
gain	69	3	-126.35
gain	3	70	-129.02
gain	70	3	-129.02
gain	3	71	-127.62
gain	71	3	-127.62
gain	3	72	-129.22
gain	72	3	-129.22
gain	3	73	-127.38
gain	73	3	-127.38
gain	3	74	-128.02
gain	74	3	-128.02
gain	3	75	-125.60
gain	75	3	-125.60
gain	3	76	-128.34
gain	76	3	-128.34
gain	3	77	-120.55
gain	77	3	-120.55
gain	3	78	-128.53
gain	78	3	-128.53
gain	3	79	-134.50
gain	79	3	-134.50
gain	3	80	-130.82
gain	80	3	-130.82
gain	4	5	-79.93
gain	5	4	-79.93
gain	4	6	-96.94
gain	6	4	-96.94
gain	4	7	-107.51
gain	7	4	-107.51
gain	4	8	-117.90
gain	8	4	-117.90
gain	4	9	-114.59
gain	9	4	-114.59
gain	4	10	-110.58
gain	10	4	-110.58
gain	4	11	-103.46
gain	11	4	-103.46
gain	4	12	-98.95
gain	12	4	-98.95
gain	4	13	-88.58
gain	13	4	-88.58
gain	4	14	-92.41
gain	14	4	-92.41
gain	4	15	-105.80
gain	15	4	-105.80
gain	4	16	-116.70
gain	16	4	-116.70
gain	4	17	-113.12
gain	17	4	-113.12
gain	4	18	-116.69
gain	18	4	-116.69
gain	4	19	-107.19
gain	19	4	-107.19
gain	4	20	-109.86
gain	20	4	-109.86
gain	4	21	-102.58
gain	21	4	-102.58
gain	4	22	-97.14
gain	22	4	-97.14
gain	4	23	-104.31
gain	23	4	-104.31
gain	4	24	-106.63
gain	24	4	-106.63
gain	4	25	-112.35
gain	25	4	-112.35
gain	4	26	-116.46
gain	26	4	-116.46
gain	4	27	-118.96
gain	27	4	-118.96
gain	4	28	-118.86
gain	28	4	-118.86
gain	4	29	-110.08
gain	29	4	-110.08
gain	4	30	-106.02
gain	30	4	-106.02
gain	4	31	-109.46
gain	31	4	-109.46
gain	4	32	-105.25
gain	32	4	-105.25
gain	4	33	-113.38
gain	33	4	-113.38
gain	4	34	-110.71
gain	34	4	-110.71
gain	4	35	-122.90
gain	35	4	-122.90
gain	4	36	-121.81
gain	36	4	-121.81
gain	4	37	-123.60
gain	37	4	-123.60
gain	4	38	-121.54
gain	38	4	-121.54
gain	4	39	-119.58
gain	39	4	-119.58
gain	4	40	-117.72
gain	40	4	-117.72
gain	4	41	-114.59
gain	41	4	-114.59
gain	4	42	-121.51
gain	42	4	-121.51
gain	4	43	-118.24
gain	43	4	-118.24
gain	4	44	-119.42
gain	44	4	-119.42
gain	4	45	-123.28
gain	45	4	-123.28
gain	4	46	-129.03
gain	46	4	-129.03
gain	4	47	-127.83
gain	47	4	-127.83
gain	4	48	-118.29
gain	48	4	-118.29
gain	4	49	-122.71
gain	49	4	-122.71
gain	4	50	-117.26
gain	50	4	-117.26
gain	4	51	-117.06
gain	51	4	-117.06
gain	4	52	-119.40
gain	52	4	-119.40
gain	4	53	-124.03
gain	53	4	-124.03
gain	4	54	-122.54
gain	54	4	-122.54
gain	4	55	-122.01
gain	55	4	-122.01
gain	4	56	-125.14
gain	56	4	-125.14
gain	4	57	-115.27
gain	57	4	-115.27
gain	4	58	-123.09
gain	58	4	-123.09
gain	4	59	-124.64
gain	59	4	-124.64
gain	4	60	-127.40
gain	60	4	-127.40
gain	4	61	-125.28
gain	61	4	-125.28
gain	4	62	-120.80
gain	62	4	-120.80
gain	4	63	-135.01
gain	63	4	-135.01
gain	4	64	-125.02
gain	64	4	-125.02
gain	4	65	-124.18
gain	65	4	-124.18
gain	4	66	-127.15
gain	66	4	-127.15
gain	4	67	-122.29
gain	67	4	-122.29
gain	4	68	-122.97
gain	68	4	-122.97
gain	4	69	-130.86
gain	69	4	-130.86
gain	4	70	-127.78
gain	70	4	-127.78
gain	4	71	-125.58
gain	71	4	-125.58
gain	4	72	-133.21
gain	72	4	-133.21
gain	4	73	-129.71
gain	73	4	-129.71
gain	4	74	-124.78
gain	74	4	-124.78
gain	4	75	-129.85
gain	75	4	-129.85
gain	4	76	-127.54
gain	76	4	-127.54
gain	4	77	-126.52
gain	77	4	-126.52
gain	4	78	-131.07
gain	78	4	-131.07
gain	4	79	-137.11
gain	79	4	-137.11
gain	4	80	-129.41
gain	80	4	-129.41
gain	5	6	-87.43
gain	6	5	-87.43
gain	5	7	-98.33
gain	7	5	-98.33
gain	5	8	-108.79
gain	8	5	-108.79
gain	5	9	-119.69
gain	9	5	-119.69
gain	5	10	-112.88
gain	10	5	-112.88
gain	5	11	-113.23
gain	11	5	-113.23
gain	5	12	-98.97
gain	12	5	-98.97
gain	5	13	-94.78
gain	13	5	-94.78
gain	5	14	-87.31
gain	14	5	-87.31
gain	5	15	-82.30
gain	15	5	-82.30
gain	5	16	-102.88
gain	16	5	-102.88
gain	5	17	-108.72
gain	17	5	-108.72
gain	5	18	-121.14
gain	18	5	-121.14
gain	5	19	-119.80
gain	19	5	-119.80
gain	5	20	-112.16
gain	20	5	-112.16
gain	5	21	-109.37
gain	21	5	-109.37
gain	5	22	-100.46
gain	22	5	-100.46
gain	5	23	-108.89
gain	23	5	-108.89
gain	5	24	-106.87
gain	24	5	-106.87
gain	5	25	-109.83
gain	25	5	-109.83
gain	5	26	-107.70
gain	26	5	-107.70
gain	5	27	-121.94
gain	27	5	-121.94
gain	5	28	-113.80
gain	28	5	-113.80
gain	5	29	-119.80
gain	29	5	-119.80
gain	5	30	-108.98
gain	30	5	-108.98
gain	5	31	-105.42
gain	31	5	-105.42
gain	5	32	-107.99
gain	32	5	-107.99
gain	5	33	-109.15
gain	33	5	-109.15
gain	5	34	-113.96
gain	34	5	-113.96
gain	5	35	-117.84
gain	35	5	-117.84
gain	5	36	-123.39
gain	36	5	-123.39
gain	5	37	-128.36
gain	37	5	-128.36
gain	5	38	-119.51
gain	38	5	-119.51
gain	5	39	-115.88
gain	39	5	-115.88
gain	5	40	-116.58
gain	40	5	-116.58
gain	5	41	-109.24
gain	41	5	-109.24
gain	5	42	-108.43
gain	42	5	-108.43
gain	5	43	-115.41
gain	43	5	-115.41
gain	5	44	-119.52
gain	44	5	-119.52
gain	5	45	-131.79
gain	45	5	-131.79
gain	5	46	-124.40
gain	46	5	-124.40
gain	5	47	-122.99
gain	47	5	-122.99
gain	5	48	-121.16
gain	48	5	-121.16
gain	5	49	-120.30
gain	49	5	-120.30
gain	5	50	-115.28
gain	50	5	-115.28
gain	5	51	-116.90
gain	51	5	-116.90
gain	5	52	-116.34
gain	52	5	-116.34
gain	5	53	-122.42
gain	53	5	-122.42
gain	5	54	-129.00
gain	54	5	-129.00
gain	5	55	-124.34
gain	55	5	-124.34
gain	5	56	-128.47
gain	56	5	-128.47
gain	5	57	-119.08
gain	57	5	-119.08
gain	5	58	-118.87
gain	58	5	-118.87
gain	5	59	-128.75
gain	59	5	-128.75
gain	5	60	-118.20
gain	60	5	-118.20
gain	5	61	-119.56
gain	61	5	-119.56
gain	5	62	-128.20
gain	62	5	-128.20
gain	5	63	-127.79
gain	63	5	-127.79
gain	5	64	-125.90
gain	64	5	-125.90
gain	5	65	-130.83
gain	65	5	-130.83
gain	5	66	-124.65
gain	66	5	-124.65
gain	5	67	-125.82
gain	67	5	-125.82
gain	5	68	-121.24
gain	68	5	-121.24
gain	5	69	-128.00
gain	69	5	-128.00
gain	5	70	-124.89
gain	70	5	-124.89
gain	5	71	-123.92
gain	71	5	-123.92
gain	5	72	-134.50
gain	72	5	-134.50
gain	5	73	-133.22
gain	73	5	-133.22
gain	5	74	-127.52
gain	74	5	-127.52
gain	5	75	-129.06
gain	75	5	-129.06
gain	5	76	-136.05
gain	76	5	-136.05
gain	5	77	-126.47
gain	77	5	-126.47
gain	5	78	-124.32
gain	78	5	-124.32
gain	5	79	-131.00
gain	79	5	-131.00
gain	5	80	-131.11
gain	80	5	-131.11
gain	6	7	-80.42
gain	7	6	-80.42
gain	6	8	-96.65
gain	8	6	-96.65
gain	6	9	-122.70
gain	9	6	-122.70
gain	6	10	-118.46
gain	10	6	-118.46
gain	6	11	-110.72
gain	11	6	-110.72
gain	6	12	-108.61
gain	12	6	-108.61
gain	6	13	-106.35
gain	13	6	-106.35
gain	6	14	-86.29
gain	14	6	-86.29
gain	6	15	-86.64
gain	15	6	-86.64
gain	6	16	-89.81
gain	16	6	-89.81
gain	6	17	-100.60
gain	17	6	-100.60
gain	6	18	-123.76
gain	18	6	-123.76
gain	6	19	-119.39
gain	19	6	-119.39
gain	6	20	-126.78
gain	20	6	-126.78
gain	6	21	-117.67
gain	21	6	-117.67
gain	6	22	-109.82
gain	22	6	-109.82
gain	6	23	-102.26
gain	23	6	-102.26
gain	6	24	-97.74
gain	24	6	-97.74
gain	6	25	-102.87
gain	25	6	-102.87
gain	6	26	-107.63
gain	26	6	-107.63
gain	6	27	-122.04
gain	27	6	-122.04
gain	6	28	-119.49
gain	28	6	-119.49
gain	6	29	-128.05
gain	29	6	-128.05
gain	6	30	-112.71
gain	30	6	-112.71
gain	6	31	-112.23
gain	31	6	-112.23
gain	6	32	-111.59
gain	32	6	-111.59
gain	6	33	-102.93
gain	33	6	-102.93
gain	6	34	-110.36
gain	34	6	-110.36
gain	6	35	-113.64
gain	35	6	-113.64
gain	6	36	-123.36
gain	36	6	-123.36
gain	6	37	-125.46
gain	37	6	-125.46
gain	6	38	-128.69
gain	38	6	-128.69
gain	6	39	-119.35
gain	39	6	-119.35
gain	6	40	-112.29
gain	40	6	-112.29
gain	6	41	-114.97
gain	41	6	-114.97
gain	6	42	-111.55
gain	42	6	-111.55
gain	6	43	-115.68
gain	43	6	-115.68
gain	6	44	-125.30
gain	44	6	-125.30
gain	6	45	-131.10
gain	45	6	-131.10
gain	6	46	-125.88
gain	46	6	-125.88
gain	6	47	-127.70
gain	47	6	-127.70
gain	6	48	-122.68
gain	48	6	-122.68
gain	6	49	-128.46
gain	49	6	-128.46
gain	6	50	-121.13
gain	50	6	-121.13
gain	6	51	-117.90
gain	51	6	-117.90
gain	6	52	-123.81
gain	52	6	-123.81
gain	6	53	-124.12
gain	53	6	-124.12
gain	6	54	-134.07
gain	54	6	-134.07
gain	6	55	-126.98
gain	55	6	-126.98
gain	6	56	-124.06
gain	56	6	-124.06
gain	6	57	-123.36
gain	57	6	-123.36
gain	6	58	-122.25
gain	58	6	-122.25
gain	6	59	-127.57
gain	59	6	-127.57
gain	6	60	-121.70
gain	60	6	-121.70
gain	6	61	-120.05
gain	61	6	-120.05
gain	6	62	-121.00
gain	62	6	-121.00
gain	6	63	-130.27
gain	63	6	-130.27
gain	6	64	-126.65
gain	64	6	-126.65
gain	6	65	-129.39
gain	65	6	-129.39
gain	6	66	-128.25
gain	66	6	-128.25
gain	6	67	-133.73
gain	67	6	-133.73
gain	6	68	-123.16
gain	68	6	-123.16
gain	6	69	-128.58
gain	69	6	-128.58
gain	6	70	-126.08
gain	70	6	-126.08
gain	6	71	-124.32
gain	71	6	-124.32
gain	6	72	-131.01
gain	72	6	-131.01
gain	6	73	-131.38
gain	73	6	-131.38
gain	6	74	-127.25
gain	74	6	-127.25
gain	6	75	-126.65
gain	75	6	-126.65
gain	6	76	-127.17
gain	76	6	-127.17
gain	6	77	-131.72
gain	77	6	-131.72
gain	6	78	-130.20
gain	78	6	-130.20
gain	6	79	-129.52
gain	79	6	-129.52
gain	6	80	-125.06
gain	80	6	-125.06
gain	7	8	-88.49
gain	8	7	-88.49
gain	7	9	-125.65
gain	9	7	-125.65
gain	7	10	-119.68
gain	10	7	-119.68
gain	7	11	-118.47
gain	11	7	-118.47
gain	7	12	-119.23
gain	12	7	-119.23
gain	7	13	-109.62
gain	13	7	-109.62
gain	7	14	-100.02
gain	14	7	-100.02
gain	7	15	-97.55
gain	15	7	-97.55
gain	7	16	-83.06
gain	16	7	-83.06
gain	7	17	-92.29
gain	17	7	-92.29
gain	7	18	-123.95
gain	18	7	-123.95
gain	7	19	-120.35
gain	19	7	-120.35
gain	7	20	-121.36
gain	20	7	-121.36
gain	7	21	-117.87
gain	21	7	-117.87
gain	7	22	-112.08
gain	22	7	-112.08
gain	7	23	-103.79
gain	23	7	-103.79
gain	7	24	-101.66
gain	24	7	-101.66
gain	7	25	-100.69
gain	25	7	-100.69
gain	7	26	-104.69
gain	26	7	-104.69
gain	7	27	-122.59
gain	27	7	-122.59
gain	7	28	-125.06
gain	28	7	-125.06
gain	7	29	-120.54
gain	29	7	-120.54
gain	7	30	-117.24
gain	30	7	-117.24
gain	7	31	-118.80
gain	31	7	-118.80
gain	7	32	-112.32
gain	32	7	-112.32
gain	7	33	-106.91
gain	33	7	-106.91
gain	7	34	-108.22
gain	34	7	-108.22
gain	7	35	-112.30
gain	35	7	-112.30
gain	7	36	-130.86
gain	36	7	-130.86
gain	7	37	-124.36
gain	37	7	-124.36
gain	7	38	-127.94
gain	38	7	-127.94
gain	7	39	-117.78
gain	39	7	-117.78
gain	7	40	-118.89
gain	40	7	-118.89
gain	7	41	-119.11
gain	41	7	-119.11
gain	7	42	-115.22
gain	42	7	-115.22
gain	7	43	-119.58
gain	43	7	-119.58
gain	7	44	-114.12
gain	44	7	-114.12
gain	7	45	-128.00
gain	45	7	-128.00
gain	7	46	-129.81
gain	46	7	-129.81
gain	7	47	-127.72
gain	47	7	-127.72
gain	7	48	-124.23
gain	48	7	-124.23
gain	7	49	-120.74
gain	49	7	-120.74
gain	7	50	-122.64
gain	50	7	-122.64
gain	7	51	-114.12
gain	51	7	-114.12
gain	7	52	-117.96
gain	52	7	-117.96
gain	7	53	-122.76
gain	53	7	-122.76
gain	7	54	-129.91
gain	54	7	-129.91
gain	7	55	-130.52
gain	55	7	-130.52
gain	7	56	-127.25
gain	56	7	-127.25
gain	7	57	-127.92
gain	57	7	-127.92
gain	7	58	-123.67
gain	58	7	-123.67
gain	7	59	-121.19
gain	59	7	-121.19
gain	7	60	-122.95
gain	60	7	-122.95
gain	7	61	-119.83
gain	61	7	-119.83
gain	7	62	-125.40
gain	62	7	-125.40
gain	7	63	-132.31
gain	63	7	-132.31
gain	7	64	-132.24
gain	64	7	-132.24
gain	7	65	-133.33
gain	65	7	-133.33
gain	7	66	-133.41
gain	66	7	-133.41
gain	7	67	-121.75
gain	67	7	-121.75
gain	7	68	-126.27
gain	68	7	-126.27
gain	7	69	-125.51
gain	69	7	-125.51
gain	7	70	-126.36
gain	70	7	-126.36
gain	7	71	-125.44
gain	71	7	-125.44
gain	7	72	-133.34
gain	72	7	-133.34
gain	7	73	-132.80
gain	73	7	-132.80
gain	7	74	-133.25
gain	74	7	-133.25
gain	7	75	-131.00
gain	75	7	-131.00
gain	7	76	-134.00
gain	76	7	-134.00
gain	7	77	-131.96
gain	77	7	-131.96
gain	7	78	-134.77
gain	78	7	-134.77
gain	7	79	-129.35
gain	79	7	-129.35
gain	7	80	-130.19
gain	80	7	-130.19
gain	8	9	-125.52
gain	9	8	-125.52
gain	8	10	-128.86
gain	10	8	-128.86
gain	8	11	-119.64
gain	11	8	-119.64
gain	8	12	-120.05
gain	12	8	-120.05
gain	8	13	-115.86
gain	13	8	-115.86
gain	8	14	-110.25
gain	14	8	-110.25
gain	8	15	-107.29
gain	15	8	-107.29
gain	8	16	-96.38
gain	16	8	-96.38
gain	8	17	-87.09
gain	17	8	-87.09
gain	8	18	-129.42
gain	18	8	-129.42
gain	8	19	-124.42
gain	19	8	-124.42
gain	8	20	-122.63
gain	20	8	-122.63
gain	8	21	-115.87
gain	21	8	-115.87
gain	8	22	-109.37
gain	22	8	-109.37
gain	8	23	-110.19
gain	23	8	-110.19
gain	8	24	-108.42
gain	24	8	-108.42
gain	8	25	-104.80
gain	25	8	-104.80
gain	8	26	-101.24
gain	26	8	-101.24
gain	8	27	-129.59
gain	27	8	-129.59
gain	8	28	-128.26
gain	28	8	-128.26
gain	8	29	-124.34
gain	29	8	-124.34
gain	8	30	-126.57
gain	30	8	-126.57
gain	8	31	-122.34
gain	31	8	-122.34
gain	8	32	-116.98
gain	32	8	-116.98
gain	8	33	-114.86
gain	33	8	-114.86
gain	8	34	-110.15
gain	34	8	-110.15
gain	8	35	-107.34
gain	35	8	-107.34
gain	8	36	-134.51
gain	36	8	-134.51
gain	8	37	-125.93
gain	37	8	-125.93
gain	8	38	-126.29
gain	38	8	-126.29
gain	8	39	-126.09
gain	39	8	-126.09
gain	8	40	-125.27
gain	40	8	-125.27
gain	8	41	-120.94
gain	41	8	-120.94
gain	8	42	-114.14
gain	42	8	-114.14
gain	8	43	-115.55
gain	43	8	-115.55
gain	8	44	-118.61
gain	44	8	-118.61
gain	8	45	-130.22
gain	45	8	-130.22
gain	8	46	-128.68
gain	46	8	-128.68
gain	8	47	-128.95
gain	47	8	-128.95
gain	8	48	-122.12
gain	48	8	-122.12
gain	8	49	-122.41
gain	49	8	-122.41
gain	8	50	-120.19
gain	50	8	-120.19
gain	8	51	-119.45
gain	51	8	-119.45
gain	8	52	-121.09
gain	52	8	-121.09
gain	8	53	-118.69
gain	53	8	-118.69
gain	8	54	-129.73
gain	54	8	-129.73
gain	8	55	-123.98
gain	55	8	-123.98
gain	8	56	-127.83
gain	56	8	-127.83
gain	8	57	-131.67
gain	57	8	-131.67
gain	8	58	-126.83
gain	58	8	-126.83
gain	8	59	-129.14
gain	59	8	-129.14
gain	8	60	-125.42
gain	60	8	-125.42
gain	8	61	-123.37
gain	61	8	-123.37
gain	8	62	-123.07
gain	62	8	-123.07
gain	8	63	-131.89
gain	63	8	-131.89
gain	8	64	-134.06
gain	64	8	-134.06
gain	8	65	-127.98
gain	65	8	-127.98
gain	8	66	-129.50
gain	66	8	-129.50
gain	8	67	-124.83
gain	67	8	-124.83
gain	8	68	-129.74
gain	68	8	-129.74
gain	8	69	-128.49
gain	69	8	-128.49
gain	8	70	-129.56
gain	70	8	-129.56
gain	8	71	-129.99
gain	71	8	-129.99
gain	8	72	-134.75
gain	72	8	-134.75
gain	8	73	-134.20
gain	73	8	-134.20
gain	8	74	-134.83
gain	74	8	-134.83
gain	8	75	-129.99
gain	75	8	-129.99
gain	8	76	-134.75
gain	76	8	-134.75
gain	8	77	-137.09
gain	77	8	-137.09
gain	8	78	-134.17
gain	78	8	-134.17
gain	8	79	-131.56
gain	79	8	-131.56
gain	8	80	-127.39
gain	80	8	-127.39
gain	9	10	-79.56
gain	10	9	-79.56
gain	9	11	-100.23
gain	11	9	-100.23
gain	9	12	-107.38
gain	12	9	-107.38
gain	9	13	-110.49
gain	13	9	-110.49
gain	9	14	-119.65
gain	14	9	-119.65
gain	9	15	-129.94
gain	15	9	-129.94
gain	9	16	-130.68
gain	16	9	-130.68
gain	9	17	-129.15
gain	17	9	-129.15
gain	9	18	-87.77
gain	18	9	-87.77
gain	9	19	-102.75
gain	19	9	-102.75
gain	9	20	-103.33
gain	20	9	-103.33
gain	9	21	-106.86
gain	21	9	-106.86
gain	9	22	-112.73
gain	22	9	-112.73
gain	9	23	-117.82
gain	23	9	-117.82
gain	9	24	-121.68
gain	24	9	-121.68
gain	9	25	-129.67
gain	25	9	-129.67
gain	9	26	-131.51
gain	26	9	-131.51
gain	9	27	-98.47
gain	27	9	-98.47
gain	9	28	-102.86
gain	28	9	-102.86
gain	9	29	-101.69
gain	29	9	-101.69
gain	9	30	-108.81
gain	30	9	-108.81
gain	9	31	-121.27
gain	31	9	-121.27
gain	9	32	-120.81
gain	32	9	-120.81
gain	9	33	-128.21
gain	33	9	-128.21
gain	9	34	-121.36
gain	34	9	-121.36
gain	9	35	-127.26
gain	35	9	-127.26
gain	9	36	-113.12
gain	36	9	-113.12
gain	9	37	-101.76
gain	37	9	-101.76
gain	9	38	-117.89
gain	38	9	-117.89
gain	9	39	-113.85
gain	39	9	-113.85
gain	9	40	-118.50
gain	40	9	-118.50
gain	9	41	-120.92
gain	41	9	-120.92
gain	9	42	-123.06
gain	42	9	-123.06
gain	9	43	-125.60
gain	43	9	-125.60
gain	9	44	-123.31
gain	44	9	-123.31
gain	9	45	-110.66
gain	45	9	-110.66
gain	9	46	-110.49
gain	46	9	-110.49
gain	9	47	-120.26
gain	47	9	-120.26
gain	9	48	-115.14
gain	48	9	-115.14
gain	9	49	-121.23
gain	49	9	-121.23
gain	9	50	-122.64
gain	50	9	-122.64
gain	9	51	-130.35
gain	51	9	-130.35
gain	9	52	-127.05
gain	52	9	-127.05
gain	9	53	-134.30
gain	53	9	-134.30
gain	9	54	-119.48
gain	54	9	-119.48
gain	9	55	-120.67
gain	55	9	-120.67
gain	9	56	-126.08
gain	56	9	-126.08
gain	9	57	-126.41
gain	57	9	-126.41
gain	9	58	-126.78
gain	58	9	-126.78
gain	9	59	-126.71
gain	59	9	-126.71
gain	9	60	-127.15
gain	60	9	-127.15
gain	9	61	-125.79
gain	61	9	-125.79
gain	9	62	-131.39
gain	62	9	-131.39
gain	9	63	-120.11
gain	63	9	-120.11
gain	9	64	-128.07
gain	64	9	-128.07
gain	9	65	-114.68
gain	65	9	-114.68
gain	9	66	-123.62
gain	66	9	-123.62
gain	9	67	-130.07
gain	67	9	-130.07
gain	9	68	-130.13
gain	68	9	-130.13
gain	9	69	-132.07
gain	69	9	-132.07
gain	9	70	-137.06
gain	70	9	-137.06
gain	9	71	-138.85
gain	71	9	-138.85
gain	9	72	-120.08
gain	72	9	-120.08
gain	9	73	-130.79
gain	73	9	-130.79
gain	9	74	-129.12
gain	74	9	-129.12
gain	9	75	-126.26
gain	75	9	-126.26
gain	9	76	-126.27
gain	76	9	-126.27
gain	9	77	-138.44
gain	77	9	-138.44
gain	9	78	-126.93
gain	78	9	-126.93
gain	9	79	-135.57
gain	79	9	-135.57
gain	9	80	-132.87
gain	80	9	-132.87
gain	10	11	-85.79
gain	11	10	-85.79
gain	10	12	-98.09
gain	12	10	-98.09
gain	10	13	-106.71
gain	13	10	-106.71
gain	10	14	-114.38
gain	14	10	-114.38
gain	10	15	-118.22
gain	15	10	-118.22
gain	10	16	-121.37
gain	16	10	-121.37
gain	10	17	-120.00
gain	17	10	-120.00
gain	10	18	-84.37
gain	18	10	-84.37
gain	10	19	-89.69
gain	19	10	-89.69
gain	10	20	-94.99
gain	20	10	-94.99
gain	10	21	-100.03
gain	21	10	-100.03
gain	10	22	-106.36
gain	22	10	-106.36
gain	10	23	-120.32
gain	23	10	-120.32
gain	10	24	-116.67
gain	24	10	-116.67
gain	10	25	-123.99
gain	25	10	-123.99
gain	10	26	-126.29
gain	26	10	-126.29
gain	10	27	-105.40
gain	27	10	-105.40
gain	10	28	-93.45
gain	28	10	-93.45
gain	10	29	-105.81
gain	29	10	-105.81
gain	10	30	-107.80
gain	30	10	-107.80
gain	10	31	-108.13
gain	31	10	-108.13
gain	10	32	-113.76
gain	32	10	-113.76
gain	10	33	-122.57
gain	33	10	-122.57
gain	10	34	-127.13
gain	34	10	-127.13
gain	10	35	-124.53
gain	35	10	-124.53
gain	10	36	-111.60
gain	36	10	-111.60
gain	10	37	-109.53
gain	37	10	-109.53
gain	10	38	-104.87
gain	38	10	-104.87
gain	10	39	-114.54
gain	39	10	-114.54
gain	10	40	-119.14
gain	40	10	-119.14
gain	10	41	-120.79
gain	41	10	-120.79
gain	10	42	-119.88
gain	42	10	-119.88
gain	10	43	-125.20
gain	43	10	-125.20
gain	10	44	-125.10
gain	44	10	-125.10
gain	10	45	-114.43
gain	45	10	-114.43
gain	10	46	-117.85
gain	46	10	-117.85
gain	10	47	-120.55
gain	47	10	-120.55
gain	10	48	-117.34
gain	48	10	-117.34
gain	10	49	-114.92
gain	49	10	-114.92
gain	10	50	-111.57
gain	50	10	-111.57
gain	10	51	-123.65
gain	51	10	-123.65
gain	10	52	-119.85
gain	52	10	-119.85
gain	10	53	-126.91
gain	53	10	-126.91
gain	10	54	-121.46
gain	54	10	-121.46
gain	10	55	-116.25
gain	55	10	-116.25
gain	10	56	-121.92
gain	56	10	-121.92
gain	10	57	-121.06
gain	57	10	-121.06
gain	10	58	-121.17
gain	58	10	-121.17
gain	10	59	-126.27
gain	59	10	-126.27
gain	10	60	-130.39
gain	60	10	-130.39
gain	10	61	-131.14
gain	61	10	-131.14
gain	10	62	-128.02
gain	62	10	-128.02
gain	10	63	-125.19
gain	63	10	-125.19
gain	10	64	-128.51
gain	64	10	-128.51
gain	10	65	-124.23
gain	65	10	-124.23
gain	10	66	-121.18
gain	66	10	-121.18
gain	10	67	-125.78
gain	67	10	-125.78
gain	10	68	-128.58
gain	68	10	-128.58
gain	10	69	-125.69
gain	69	10	-125.69
gain	10	70	-127.72
gain	70	10	-127.72
gain	10	71	-132.37
gain	71	10	-132.37
gain	10	72	-126.45
gain	72	10	-126.45
gain	10	73	-125.00
gain	73	10	-125.00
gain	10	74	-121.40
gain	74	10	-121.40
gain	10	75	-123.86
gain	75	10	-123.86
gain	10	76	-126.95
gain	76	10	-126.95
gain	10	77	-133.94
gain	77	10	-133.94
gain	10	78	-131.98
gain	78	10	-131.98
gain	10	79	-133.66
gain	79	10	-133.66
gain	10	80	-131.74
gain	80	10	-131.74
gain	11	12	-85.46
gain	12	11	-85.46
gain	11	13	-100.60
gain	13	11	-100.60
gain	11	14	-109.70
gain	14	11	-109.70
gain	11	15	-119.11
gain	15	11	-119.11
gain	11	16	-122.46
gain	16	11	-122.46
gain	11	17	-124.33
gain	17	11	-124.33
gain	11	18	-101.86
gain	18	11	-101.86
gain	11	19	-93.36
gain	19	11	-93.36
gain	11	20	-84.40
gain	20	11	-84.40
gain	11	21	-93.69
gain	21	11	-93.69
gain	11	22	-99.71
gain	22	11	-99.71
gain	11	23	-108.02
gain	23	11	-108.02
gain	11	24	-113.48
gain	24	11	-113.48
gain	11	25	-125.75
gain	25	11	-125.75
gain	11	26	-119.87
gain	26	11	-119.87
gain	11	27	-108.53
gain	27	11	-108.53
gain	11	28	-97.32
gain	28	11	-97.32
gain	11	29	-93.37
gain	29	11	-93.37
gain	11	30	-100.05
gain	30	11	-100.05
gain	11	31	-104.26
gain	31	11	-104.26
gain	11	32	-115.33
gain	32	11	-115.33
gain	11	33	-117.16
gain	33	11	-117.16
gain	11	34	-117.22
gain	34	11	-117.22
gain	11	35	-127.54
gain	35	11	-127.54
gain	11	36	-108.58
gain	36	11	-108.58
gain	11	37	-108.89
gain	37	11	-108.89
gain	11	38	-115.39
gain	38	11	-115.39
gain	11	39	-104.48
gain	39	11	-104.48
gain	11	40	-105.51
gain	40	11	-105.51
gain	11	41	-112.93
gain	41	11	-112.93
gain	11	42	-125.19
gain	42	11	-125.19
gain	11	43	-124.16
gain	43	11	-124.16
gain	11	44	-126.20
gain	44	11	-126.20
gain	11	45	-118.45
gain	45	11	-118.45
gain	11	46	-120.36
gain	46	11	-120.36
gain	11	47	-106.47
gain	47	11	-106.47
gain	11	48	-119.14
gain	48	11	-119.14
gain	11	49	-113.88
gain	49	11	-113.88
gain	11	50	-117.46
gain	50	11	-117.46
gain	11	51	-124.02
gain	51	11	-124.02
gain	11	52	-120.41
gain	52	11	-120.41
gain	11	53	-128.49
gain	53	11	-128.49
gain	11	54	-120.24
gain	54	11	-120.24
gain	11	55	-118.11
gain	55	11	-118.11
gain	11	56	-117.90
gain	56	11	-117.90
gain	11	57	-115.34
gain	57	11	-115.34
gain	11	58	-117.97
gain	58	11	-117.97
gain	11	59	-118.51
gain	59	11	-118.51
gain	11	60	-123.18
gain	60	11	-123.18
gain	11	61	-124.04
gain	61	11	-124.04
gain	11	62	-130.51
gain	62	11	-130.51
gain	11	63	-123.35
gain	63	11	-123.35
gain	11	64	-123.35
gain	64	11	-123.35
gain	11	65	-121.16
gain	65	11	-121.16
gain	11	66	-123.12
gain	66	11	-123.12
gain	11	67	-126.10
gain	67	11	-126.10
gain	11	68	-123.39
gain	68	11	-123.39
gain	11	69	-132.76
gain	69	11	-132.76
gain	11	70	-128.23
gain	70	11	-128.23
gain	11	71	-137.89
gain	71	11	-137.89
gain	11	72	-130.50
gain	72	11	-130.50
gain	11	73	-129.60
gain	73	11	-129.60
gain	11	74	-128.41
gain	74	11	-128.41
gain	11	75	-125.28
gain	75	11	-125.28
gain	11	76	-123.85
gain	76	11	-123.85
gain	11	77	-128.55
gain	77	11	-128.55
gain	11	78	-131.82
gain	78	11	-131.82
gain	11	79	-127.60
gain	79	11	-127.60
gain	11	80	-129.41
gain	80	11	-129.41
gain	12	13	-84.29
gain	13	12	-84.29
gain	12	14	-100.24
gain	14	12	-100.24
gain	12	15	-107.10
gain	15	12	-107.10
gain	12	16	-113.92
gain	16	12	-113.92
gain	12	17	-120.16
gain	17	12	-120.16
gain	12	18	-106.36
gain	18	12	-106.36
gain	12	19	-106.57
gain	19	12	-106.57
gain	12	20	-88.19
gain	20	12	-88.19
gain	12	21	-86.10
gain	21	12	-86.10
gain	12	22	-91.91
gain	22	12	-91.91
gain	12	23	-103.01
gain	23	12	-103.01
gain	12	24	-112.83
gain	24	12	-112.83
gain	12	25	-114.45
gain	25	12	-114.45
gain	12	26	-117.37
gain	26	12	-117.37
gain	12	27	-111.21
gain	27	12	-111.21
gain	12	28	-105.97
gain	28	12	-105.97
gain	12	29	-107.33
gain	29	12	-107.33
gain	12	30	-102.43
gain	30	12	-102.43
gain	12	31	-103.32
gain	31	12	-103.32
gain	12	32	-104.79
gain	32	12	-104.79
gain	12	33	-108.81
gain	33	12	-108.81
gain	12	34	-111.52
gain	34	12	-111.52
gain	12	35	-117.51
gain	35	12	-117.51
gain	12	36	-119.07
gain	36	12	-119.07
gain	12	37	-109.88
gain	37	12	-109.88
gain	12	38	-105.99
gain	38	12	-105.99
gain	12	39	-105.72
gain	39	12	-105.72
gain	12	40	-112.80
gain	40	12	-112.80
gain	12	41	-113.53
gain	41	12	-113.53
gain	12	42	-117.08
gain	42	12	-117.08
gain	12	43	-122.38
gain	43	12	-122.38
gain	12	44	-129.37
gain	44	12	-129.37
gain	12	45	-115.22
gain	45	12	-115.22
gain	12	46	-114.68
gain	46	12	-114.68
gain	12	47	-112.49
gain	47	12	-112.49
gain	12	48	-113.87
gain	48	12	-113.87
gain	12	49	-115.28
gain	49	12	-115.28
gain	12	50	-115.03
gain	50	12	-115.03
gain	12	51	-112.37
gain	51	12	-112.37
gain	12	52	-123.39
gain	52	12	-123.39
gain	12	53	-123.36
gain	53	12	-123.36
gain	12	54	-121.00
gain	54	12	-121.00
gain	12	55	-114.94
gain	55	12	-114.94
gain	12	56	-119.26
gain	56	12	-119.26
gain	12	57	-119.55
gain	57	12	-119.55
gain	12	58	-120.34
gain	58	12	-120.34
gain	12	59	-119.29
gain	59	12	-119.29
gain	12	60	-121.08
gain	60	12	-121.08
gain	12	61	-124.25
gain	61	12	-124.25
gain	12	62	-129.00
gain	62	12	-129.00
gain	12	63	-124.14
gain	63	12	-124.14
gain	12	64	-123.19
gain	64	12	-123.19
gain	12	65	-129.25
gain	65	12	-129.25
gain	12	66	-119.17
gain	66	12	-119.17
gain	12	67	-125.60
gain	67	12	-125.60
gain	12	68	-122.71
gain	68	12	-122.71
gain	12	69	-127.31
gain	69	12	-127.31
gain	12	70	-130.01
gain	70	12	-130.01
gain	12	71	-131.63
gain	71	12	-131.63
gain	12	72	-127.88
gain	72	12	-127.88
gain	12	73	-125.86
gain	73	12	-125.86
gain	12	74	-128.99
gain	74	12	-128.99
gain	12	75	-123.79
gain	75	12	-123.79
gain	12	76	-124.92
gain	76	12	-124.92
gain	12	77	-130.24
gain	77	12	-130.24
gain	12	78	-129.18
gain	78	12	-129.18
gain	12	79	-133.44
gain	79	12	-133.44
gain	12	80	-131.94
gain	80	12	-131.94
gain	13	14	-86.69
gain	14	13	-86.69
gain	13	15	-105.13
gain	15	13	-105.13
gain	13	16	-107.04
gain	16	13	-107.04
gain	13	17	-116.38
gain	17	13	-116.38
gain	13	18	-117.03
gain	18	13	-117.03
gain	13	19	-104.37
gain	19	13	-104.37
gain	13	20	-102.28
gain	20	13	-102.28
gain	13	21	-93.90
gain	21	13	-93.90
gain	13	22	-86.99
gain	22	13	-86.99
gain	13	23	-94.41
gain	23	13	-94.41
gain	13	24	-101.41
gain	24	13	-101.41
gain	13	25	-112.57
gain	25	13	-112.57
gain	13	26	-119.31
gain	26	13	-119.31
gain	13	27	-116.59
gain	27	13	-116.59
gain	13	28	-118.44
gain	28	13	-118.44
gain	13	29	-107.51
gain	29	13	-107.51
gain	13	30	-102.20
gain	30	13	-102.20
gain	13	31	-93.40
gain	31	13	-93.40
gain	13	32	-102.69
gain	32	13	-102.69
gain	13	33	-107.23
gain	33	13	-107.23
gain	13	34	-110.04
gain	34	13	-110.04
gain	13	35	-121.11
gain	35	13	-121.11
gain	13	36	-118.96
gain	36	13	-118.96
gain	13	37	-122.15
gain	37	13	-122.15
gain	13	38	-110.05
gain	38	13	-110.05
gain	13	39	-110.88
gain	39	13	-110.88
gain	13	40	-106.45
gain	40	13	-106.45
gain	13	41	-111.50
gain	41	13	-111.50
gain	13	42	-112.74
gain	42	13	-112.74
gain	13	43	-112.70
gain	43	13	-112.70
gain	13	44	-121.38
gain	44	13	-121.38
gain	13	45	-119.22
gain	45	13	-119.22
gain	13	46	-121.71
gain	46	13	-121.71
gain	13	47	-112.41
gain	47	13	-112.41
gain	13	48	-118.11
gain	48	13	-118.11
gain	13	49	-112.62
gain	49	13	-112.62
gain	13	50	-115.78
gain	50	13	-115.78
gain	13	51	-111.94
gain	51	13	-111.94
gain	13	52	-118.66
gain	52	13	-118.66
gain	13	53	-121.62
gain	53	13	-121.62
gain	13	54	-123.79
gain	54	13	-123.79
gain	13	55	-121.34
gain	55	13	-121.34
gain	13	56	-125.17
gain	56	13	-125.17
gain	13	57	-112.67
gain	57	13	-112.67
gain	13	58	-116.71
gain	58	13	-116.71
gain	13	59	-115.27
gain	59	13	-115.27
gain	13	60	-122.17
gain	60	13	-122.17
gain	13	61	-117.88
gain	61	13	-117.88
gain	13	62	-126.60
gain	62	13	-126.60
gain	13	63	-129.11
gain	63	13	-129.11
gain	13	64	-127.10
gain	64	13	-127.10
gain	13	65	-121.41
gain	65	13	-121.41
gain	13	66	-119.03
gain	66	13	-119.03
gain	13	67	-130.86
gain	67	13	-130.86
gain	13	68	-120.78
gain	68	13	-120.78
gain	13	69	-119.73
gain	69	13	-119.73
gain	13	70	-123.28
gain	70	13	-123.28
gain	13	71	-127.58
gain	71	13	-127.58
gain	13	72	-125.75
gain	72	13	-125.75
gain	13	73	-124.63
gain	73	13	-124.63
gain	13	74	-130.51
gain	74	13	-130.51
gain	13	75	-127.51
gain	75	13	-127.51
gain	13	76	-125.37
gain	76	13	-125.37
gain	13	77	-126.47
gain	77	13	-126.47
gain	13	78	-123.16
gain	78	13	-123.16
gain	13	79	-127.39
gain	79	13	-127.39
gain	13	80	-121.45
gain	80	13	-121.45
gain	14	15	-83.73
gain	15	14	-83.73
gain	14	16	-97.87
gain	16	14	-97.87
gain	14	17	-105.81
gain	17	14	-105.81
gain	14	18	-120.09
gain	18	14	-120.09
gain	14	19	-116.23
gain	19	14	-116.23
gain	14	20	-111.74
gain	20	14	-111.74
gain	14	21	-105.91
gain	21	14	-105.91
gain	14	22	-95.36
gain	22	14	-95.36
gain	14	23	-80.28
gain	23	14	-80.28
gain	14	24	-92.96
gain	24	14	-92.96
gain	14	25	-102.45
gain	25	14	-102.45
gain	14	26	-110.53
gain	26	14	-110.53
gain	14	27	-122.17
gain	27	14	-122.17
gain	14	28	-112.74
gain	28	14	-112.74
gain	14	29	-113.15
gain	29	14	-113.15
gain	14	30	-113.74
gain	30	14	-113.74
gain	14	31	-97.77
gain	31	14	-97.77
gain	14	32	-100.50
gain	32	14	-100.50
gain	14	33	-100.39
gain	33	14	-100.39
gain	14	34	-110.08
gain	34	14	-110.08
gain	14	35	-110.37
gain	35	14	-110.37
gain	14	36	-121.72
gain	36	14	-121.72
gain	14	37	-114.82
gain	37	14	-114.82
gain	14	38	-119.89
gain	38	14	-119.89
gain	14	39	-117.47
gain	39	14	-117.47
gain	14	40	-109.91
gain	40	14	-109.91
gain	14	41	-107.82
gain	41	14	-107.82
gain	14	42	-111.06
gain	42	14	-111.06
gain	14	43	-115.49
gain	43	14	-115.49
gain	14	44	-113.86
gain	44	14	-113.86
gain	14	45	-121.98
gain	45	14	-121.98
gain	14	46	-119.79
gain	46	14	-119.79
gain	14	47	-119.24
gain	47	14	-119.24
gain	14	48	-109.36
gain	48	14	-109.36
gain	14	49	-112.38
gain	49	14	-112.38
gain	14	50	-110.48
gain	50	14	-110.48
gain	14	51	-117.98
gain	51	14	-117.98
gain	14	52	-119.19
gain	52	14	-119.19
gain	14	53	-121.62
gain	53	14	-121.62
gain	14	54	-128.61
gain	54	14	-128.61
gain	14	55	-121.18
gain	55	14	-121.18
gain	14	56	-125.25
gain	56	14	-125.25
gain	14	57	-123.61
gain	57	14	-123.61
gain	14	58	-113.87
gain	58	14	-113.87
gain	14	59	-114.25
gain	59	14	-114.25
gain	14	60	-118.99
gain	60	14	-118.99
gain	14	61	-121.11
gain	61	14	-121.11
gain	14	62	-123.28
gain	62	14	-123.28
gain	14	63	-129.24
gain	63	14	-129.24
gain	14	64	-122.37
gain	64	14	-122.37
gain	14	65	-127.90
gain	65	14	-127.90
gain	14	66	-120.92
gain	66	14	-120.92
gain	14	67	-120.89
gain	67	14	-120.89
gain	14	68	-125.44
gain	68	14	-125.44
gain	14	69	-122.00
gain	69	14	-122.00
gain	14	70	-124.86
gain	70	14	-124.86
gain	14	71	-121.12
gain	71	14	-121.12
gain	14	72	-130.27
gain	72	14	-130.27
gain	14	73	-125.51
gain	73	14	-125.51
gain	14	74	-125.76
gain	74	14	-125.76
gain	14	75	-126.89
gain	75	14	-126.89
gain	14	76	-130.20
gain	76	14	-130.20
gain	14	77	-124.43
gain	77	14	-124.43
gain	14	78	-123.08
gain	78	14	-123.08
gain	14	79	-124.14
gain	79	14	-124.14
gain	14	80	-120.10
gain	80	14	-120.10
gain	15	16	-86.30
gain	16	15	-86.30
gain	15	17	-100.59
gain	17	15	-100.59
gain	15	18	-121.03
gain	18	15	-121.03
gain	15	19	-124.74
